%YAML:1.0
ImagePoints: !!opencv-matrix
   rows: 238
   cols: 1
   dt: "3f"
   data: [ 2.06524567e+002, 1.42746017e+002, 1., 2.09774643e+002,
       1.42545364e+002, 1., 2.11479431e+002, 1.50045486e+002, 1.,
       1.96227509e+002, 1.50698563e+002, 1., 2.11489639e+002,
       1.54508041e+002, 1., 1.90101166e+002, 1.55651749e+002, 1.,
       2.08992905e+002, 1.57407150e+002, 1., 2.47915741e+002,
       1.58022034e+002, 1., 2.11430298e+002, 1.59350098e+002, 1.,
       3.49970917e+002, 1.60196091e+002, 1., 2.13114395e+002,
       1.70733765e+002, 1., 1.79188065e+002, 1.75081161e+002, 1.,
       2.07790176e+002, 1.88814194e+002, 1., 4.71045898e+002,
       2.04964905e+002, 1., 4.74010406e+002, 2.05657837e+002, 1.,
       4.65075653e+002, 2.11813873e+002, 1., 4.21530426e+002,
       2.14581985e+002, 1., 3.16746613e+002, 2.14700745e+002, 1.,
       2.91652161e+002, 2.15379959e+002, 1., 2.83944092e+002,
       2.20175858e+002, 1., 2.92033539e+002, 2.20043808e+002, 1.,
       4.38668701e+002, 2.21353134e+002, 1., 4.18057739e+002,
       2.25767395e+002, 1., 1.88779999e+002, 2.27284729e+002, 1.,
       4.63865143e+002, 2.34254959e+002, 1., 4.20395935e+002,
       2.41434311e+002, 1., 1.87163223e+002, 2.48646683e+002, 1.,
       4.17732025e+002, 2.51132477e+002, 1., 4.23375000e+002,
       2.52160202e+002, 1., 2.83801544e+002, 2.54033997e+002, 1.,
       2.28039063e+002, 2.57790771e+002, 1., 3.03669647e+002,
       2.67329437e+002, 1., 4.17656891e+002, 2.70409424e+002, 1.,
       1.54855408e+002, 2.87617584e+002, 1., 2.05064346e+002,
       2.88880646e+002, 1., 1.87508377e+002, 3.02031891e+002, 1.,
       2.77499939e+002, 3.09247833e+002, 1., 3.15144989e+002,
       3.09014099e+002, 1., 2.04549896e+002, 3.31835999e+002, 1.,
       1.68586609e+002, 3.36438324e+002, 1., 1.13258751e+002,
       3.38729706e+002, 1., 1.41184296e+002, 3.46786804e+002, 1.,
       1.51134338e+002, 3.50210693e+002, 1., 1.31013290e+002,
       3.58789673e+002, 1., 6.74248123e+001, 3.76557770e+002, 1.,
       1.07610901e+002, 3.77929993e+002, 1., 1.03570755e+002,
       3.88458282e+002, 1., 1.27557495e+002, 3.92842438e+002, 1.,
       3.02251663e+001, 3.94327972e+002, 1., 4.21395874e+001,
       4.20007233e+002, 1., 9.27224884e+001, 4.50017059e+002, 1.,
       3.29332458e+002, 1.43544586e+002, 1., 2.22964584e+002,
       1.55393280e+002, 1., 2.22964584e+002, 1.55393280e+002, 1.,
       3.19062988e+002, 1.55468460e+002, 1., 3.52337677e+002,
       1.56746140e+002, 1., 3.51112579e+002, 1.63501083e+002, 1.,
       1.78491974e+002, 1.64345505e+002, 1., 3.50326416e+002,
       1.67019150e+002, 1., 3.50326416e+002, 1.67019150e+002, 1.,
       3.53105865e+002, 1.70012054e+002, 1., 3.51062988e+002,
       1.76232132e+002, 1., 3.29085571e+002, 1.77684631e+002, 1.,
       3.38832397e+002, 1.77241837e+002, 1., 3.06512787e+002,
       1.82059036e+002, 1., 3.06512787e+002, 1.82059036e+002, 1.,
       2.03426727e+002, 1.84249542e+002, 1., 3.44444122e+002,
       1.89746796e+002, 1., 3.44444122e+002, 1.89746796e+002, 1.,
       1.84931427e+002, 2.06058258e+002, 1., 1.84931427e+002,
       2.06058258e+002, 1., 3.63747559e+002, 2.06642426e+002, 1.,
       3.25798889e+002, 2.08903778e+002, 1., 4.42145416e+002,
       2.13050140e+002, 1., 3.12980377e+002, 2.16201340e+002, 1.,
       3.31241272e+002, 2.16393463e+002, 1., 3.31241272e+002,
       2.16393463e+002, 1., 3.21490784e+002, 2.16926224e+002, 1.,
       4.28990845e+002, 2.20119263e+002, 1., 4.28990845e+002,
       2.20119263e+002, 1., 4.21017426e+002, 2.20598358e+002, 1.,
       4.26135651e+002, 2.22483826e+002, 1., 4.44857422e+002,
       2.27502625e+002, 1., 3.13126953e+002, 2.37402756e+002, 1.,
       1.89981750e+002, 2.40114243e+002, 1., 3.09999481e+002,
       2.41515411e+002, 1., 3.10268616e+002, 2.56725861e+002, 1.,
       3.42843353e+002, 2.69492950e+002, 1., 4.23204254e+002,
       2.70537750e+002, 1., 3.21339539e+002, 2.72506165e+002, 1.,
       3.38127319e+002, 2.72321503e+002, 1., 2.31234116e+002,
       2.73433289e+002, 1., 2.82136322e+002, 2.77649902e+002, 1.,
       4.42027069e+002, 2.77999451e+002, 1., 3.50994202e+002,
       2.99901093e+002, 1., 1.41166077e+002, 3.00440399e+002, 1.,
       3.47445160e+002, 3.02104523e+002, 1., 1.29277374e+002,
       3.02343445e+002, 1., 3.70497040e+002, 3.06061157e+002, 1.,
       3.61936676e+002, 3.06380585e+002, 1., 1.80473862e+002,
       3.27334747e+002, 1., 1.47404099e+002, 3.31934174e+002, 1.,
       1.57531647e+002, 3.55175171e+002, 1., 1.05734085e+002,
       3.61424530e+002, 1., 1.21444473e+002, 3.62820496e+002, 1.,
       1.41251236e+002, 3.73541412e+002, 1., 1.46100693e+002,
       3.77269775e+002, 1., 7.04129791e+001, 3.81534332e+002, 1.,
       6.15962944e+001, 3.81941986e+002, 1., 9.90651245e+001,
       3.82342468e+002, 1., 1.06813263e+002, 3.91851379e+002, 1.,
       2.74104767e+001, 3.94092438e+002, 1., 1.13988197e+002,
       3.96562439e+002, 1., 7.70601578e+001, 4.06963867e+002, 1.,
       3.65936279e+001, 4.12222839e+002, 1., 4.51940041e+001,
       4.22941559e+002, 1., 8.61802292e+001, 4.28791168e+002, 1.,
       8.78784637e+001, 4.34772644e+002, 1., 9.29451752e+001,
       4.44408905e+002, 1., 2.17634003e+002, 1.56377594e+002, 1.,
       3.37540405e+002, 1.58077484e+002, 1., 3.29598053e+002,
       1.58703857e+002, 1., 2.99612549e+002, 1.59770874e+002, 1.,
       3.07579224e+002, 1.59628189e+002, 1., 3.16161591e+002,
       1.59455795e+002, 1., 2.88091309e+002, 1.63952316e+002, 1.,
       2.88091309e+002, 1.63952316e+002, 1., 3.46398468e+002,
       1.69583923e+002, 1., 3.38498047e+002, 1.70499985e+002, 1.,
       3.07924988e+002, 1.71173874e+002, 1., 3.30578705e+002,
       1.71038132e+002, 1., 3.30578705e+002, 1.71038132e+002, 1.,
       3.23355072e+002, 1.71396255e+002, 1., 3.67762970e+002,
       1.71106842e+002, 1., 3.59623352e+002, 1.72015793e+002, 1.,
       3.59623352e+002, 1.72015793e+002, 1., 3.54408661e+002,
       1.73583359e+002, 1., 2.11403244e+002, 1.74287781e+002, 1.,
       3.10361755e+002, 1.74693741e+002, 1., 3.10361755e+002,
       1.74693741e+002, 1., 2.00322052e+002, 1.80778839e+002, 1.,
       3.25975311e+002, 1.90176666e+002, 1., 4.72451782e+002,
       2.00084000e+002, 1., 4.15338287e+002, 2.03441605e+002, 1.,
       4.71569885e+002, 2.20700378e+002, 1., 4.71569885e+002,
       2.20700378e+002, 1., 4.51488220e+002, 2.26385300e+002, 1.,
       3.77627106e+002, 2.42651749e+002, 1., 2.84586029e+002,
       2.50362167e+002, 1., 3.17689941e+002, 2.70625885e+002, 1.,
       1.12384727e+002, 3.09277069e+002, 1., 1.84476669e+002,
       3.19358978e+002, 1., 1.72202072e+002, 3.20826935e+002, 1.,
       1.40298676e+002, 3.30974091e+002, 1., 1.05737503e+002,
       3.51171875e+002, 1., 6.12005577e+001, 3.72513031e+002, 1.,
       7.45977097e+001, 3.91901550e+002, 1., 5.73280983e+001,
       4.04299927e+002, 1., 2.18076584e+002, 1.56135620e+002, 1.,
       3.40643005e+002, 1.63321014e+002, 1., 1.93204285e+002,
       1.65419540e+002, 1., 4.84305267e+002, 1.76586319e+002, 1.,
       3.39360107e+002, 1.82262634e+002, 1., 3.29181152e+002,
       1.83079880e+002, 1., 3.34742035e+002, 1.88981033e+002, 1.,
       4.29924042e+002, 2.08530472e+002, 1., 4.52625977e+002,
       2.14812363e+002, 1., 4.67914154e+002, 2.15218750e+002, 1.,
       4.62376923e+002, 2.18091904e+002, 1., 4.70897217e+002,
       2.39454254e+002, 1., 3.21991455e+002, 2.62439392e+002, 1.,
       4.21287292e+002, 2.75485321e+002, 1., 1.75073761e+002,
       2.98701508e+002, 1., 4.06118530e+002, 3.00936646e+002, 1.,
       1.12573303e+002, 3.09181732e+002, 1., 2.73567078e+002,
       3.12500031e+002, 1., 9.36113586e+001, 3.36848999e+002, 1.,
       7.38820572e+001, 3.70801025e+002, 1., 3.81116333e+001,
       4.01382324e+002, 1., 3.13304932e+002, 1.49866028e+002, 1.,
       3.18390015e+002, 1.60132080e+002, 1., 1.86763489e+002,
       1.66365372e+002, 1., 3.39963989e+002, 1.83850220e+002, 1.,
       4.26066254e+002, 1.96946075e+002, 1., 4.77241119e+002,
       2.15999939e+002, 1., 4.25194000e+002, 2.17849716e+002, 1.,
       2.54338776e+002, 2.24193314e+002, 1., 4.33693329e+002,
       2.24276077e+002, 1., 3.09804535e+002, 2.48568024e+002, 1.,
       2.06305969e+002, 2.51446564e+002, 1., 2.07458420e+002,
       2.72810455e+002, 1., 3.02332367e+002, 2.72595123e+002, 1.,
       3.63287506e+002, 2.73209778e+002, 1., 2.17981583e+002,
       2.79575043e+002, 1., 2.09950699e+002, 2.82656708e+002, 1.,
       1.53770096e+002, 2.95061127e+002, 1., 2.04263367e+002,
       1.63453491e+002, 1., 3.32930908e+002, 1.63640381e+002, 1.,
       3.56162140e+002, 1.78394211e+002, 1., 4.28287384e+002,
       1.89067368e+002, 1., 4.43444733e+002, 1.91853745e+002, 1.,
       3.40152863e+002, 1.94934769e+002, 1., 3.13289917e+002,
       1.96156326e+002, 1., 3.13289917e+002, 1.96156326e+002, 1.,
       3.21252899e+002, 1.95638321e+002, 1., 3.21252899e+002,
       1.95638321e+002, 1., 3.29966461e+002, 1.95559448e+002, 1.,
       2.75161621e+002, 2.17910004e+002, 1., 2.94020447e+002,
       2.39120575e+002, 1., 2.94020447e+002, 2.39120575e+002, 1.,
       3.29367615e+002, 2.43348633e+002, 1., 2.08513962e+002,
       2.43338913e+002, 1., 3.79852417e+002, 3.08434692e+002, 1.,
       1.14310654e+002, 3.16062805e+002, 1., 1.73728821e+002,
       3.33881348e+002, 1., 7.90191040e+001, 4.05042847e+002, 1.,
       3.37744446e+002, 2.05102982e+002, 1., 4.52643524e+002,
       2.06055069e+002, 1., 1.93351944e+002, 2.26847809e+002, 1.,
       2.99396027e+002, 2.49312683e+002, 1., 2.70681213e+002,
       2.53220718e+002, 1., 1.13599609e+002, 4.19598572e+002, 1.,
       1.83772568e+002, 1.79550766e+002, 1., 3.38439636e+002,
       2.49782761e+002, 1., 2.98605743e+002, 2.82896332e+002, 1.,
       1.22298950e+002, 3.04763824e+002, 1., 1.09089912e+002,
       3.29632935e+002, 1., 1.09089912e+002, 3.29632935e+002, 1.,
       4.78635063e+001, 4.40735840e+002, 1., 3.02894836e+002,
       1.48168503e+002, 1., 3.91925354e+002, 1.85119736e+002, 1.,
       3.93564606e+002, 2.33744156e+002, 1., 3.93564606e+002,
       2.33744156e+002, 1., 2.83390991e+002, 1.88390625e+002, 1.,
       3.64297943e+002, 2.09876358e+002, 1., 2.89222626e+002,
       2.13386337e+002, 1., 3.33952362e+002, 2.70700043e+002, 1.,
       2.40595169e+002, 2.93698608e+002, 1. ]
ImagePoints: !!opencv-matrix
   rows: 238
   cols: 1
   dt: "3f"
   data: [ 2.58104340e+002, 1.38060776e+002, 1., 2.61176392e+002,
       1.38042435e+002, 1., 2.62465027e+002, 1.45358322e+002, 1.,
       2.47657227e+002, 1.46495667e+002, 1., 2.62115082e+002,
       1.50711075e+002, 1., 2.41547806e+002, 1.51629639e+002, 1.,
       2.59654022e+002, 1.53274033e+002, 1., 3.17022064e+002,
       1.52852905e+002, 1., 2.61882324e+002, 1.55265640e+002, 1.,
       4.22112549e+002, 1.53292786e+002, 1., 2.62907867e+002,
       1.67244476e+002, 1., 2.29793533e+002, 1.72324448e+002, 1.,
       2.56882263e+002, 1.86187805e+002, 1., 5.43016418e+002,
       1.95578415e+002, 1., 5.46070190e+002, 1.96206604e+002, 1.,
       5.36203613e+002, 2.02453766e+002, 1., 4.87968506e+002,
       2.06825668e+002, 1., 3.84602539e+002, 2.09631027e+002, 1.,
       3.58894562e+002, 2.10907425e+002, 1., 3.50551270e+002,
       2.16161026e+002, 1., 3.58905487e+002, 2.15837997e+002, 1.,
       5.06612396e+002, 2.12494293e+002, 1., 4.83089172e+002,
       2.17892609e+002, 1., 2.36070786e+002, 2.27197968e+002, 1.,
       5.33359985e+002, 2.24826950e+002, 1., 4.84124603e+002,
       2.33902267e+002, 1., 2.32768021e+002, 2.49382339e+002, 1.,
       4.80512360e+002, 2.43368988e+002, 1., 4.86812103e+002,
       2.44202316e+002, 1., 3.47334229e+002, 2.50981033e+002, 1.,
       2.81344330e+002, 2.57441620e+002, 1., 3.66088501e+002,
       2.64141266e+002, 1., 4.78914124e+002, 2.62636383e+002, 1.,
       2.19617813e+002, 2.90716888e+002, 1., 2.75878693e+002,
       2.89675385e+002, 1., 2.63467194e+002, 3.04063843e+002, 1.,
       3.35476776e+002, 3.07809448e+002, 1., 3.74132416e+002,
       3.05823669e+002, 1., 2.91486328e+002, 3.32886658e+002, 1.,
       2.60608704e+002, 3.40229523e+002, 1., 2.01594574e+002,
       3.44526520e+002, 1., 2.36070190e+002, 3.51829224e+002, 1.,
       2.47167175e+002, 3.55074249e+002, 1., 2.29449265e+002,
       3.65064453e+002, 1., 1.66361282e+002, 3.88435913e+002, 1.,
       2.12990845e+002, 3.86643066e+002, 1., 2.13584549e+002,
       3.98231232e+002, 1., 2.42064880e+002, 4.00920288e+002, 1.,
       1.32328659e+002, 4.10329590e+002, 1., 1.47677536e+002,
       4.37313782e+002, 1., 2.02918365e+002, 4.65091278e+002, 1.,
       4.03836090e+002, 1.37221573e+002, 1., 2.73137451e+002,
       1.51050919e+002, 1., 2.73137451e+002, 1.51050919e+002, 1.,
       3.92137085e+002, 1.49106628e+002, 1., 4.24789764e+002,
       1.49808807e+002, 1., 4.22940430e+002, 1.56713806e+002, 1.,
       2.29903076e+002, 1.61281830e+002, 1., 4.21973328e+002,
       1.60332657e+002, 1., 4.21973328e+002, 1.60332657e+002, 1.,
       4.24336731e+002, 1.63301880e+002, 1., 4.21785248e+002,
       1.69662903e+002, 1., 4.00099854e+002, 1.71597855e+002, 1.,
       4.09839569e+002, 1.70945251e+002, 1., 3.77020996e+002,
       1.76236328e+002, 1., 3.77020996e+002, 1.76236328e+002, 1.,
       2.52804581e+002, 1.81489334e+002, 1., 4.14208435e+002,
       1.83544647e+002, 1., 4.14208435e+002, 1.83544647e+002, 1.,
       2.32476761e+002, 2.05071991e+002, 1., 3.91138031e+002,
       1.90085068e+002, 1., 3.94236694e+002, 2.03447815e+002, 1.,
       3.94236694e+002, 2.03447815e+002, 1., 5.11063080e+002,
       2.04545975e+002, 1., 3.80490448e+002, 2.11248596e+002, 1.,
       3.98805450e+002, 2.11134781e+002, 1., 3.89045227e+002,
       2.12014771e+002, 1., 3.89045227e+002, 2.12014771e+002, 1.,
       4.96010345e+002, 2.11915192e+002, 1., 4.96010345e+002,
       2.11915192e+002, 1., 4.87030182e+002, 2.12676712e+002, 1.,
       4.92526001e+002, 2.14293518e+002, 1., 5.13024048e+002,
       2.18865036e+002, 1., 3.78942871e+002, 2.32830338e+002, 1.,
       2.36210968e+002, 2.40228973e+002, 1., 3.75381683e+002,
       2.37309097e+002, 1., 3.74156342e+002, 2.52720535e+002, 1.,
       4.05667877e+002, 2.64383728e+002, 1., 4.85210724e+002,
       2.62185455e+002, 1., 3.83893951e+002, 2.68481262e+002, 1.,
       4.00837006e+002, 2.67715790e+002, 1., 2.92768097e+002,
       2.72991089e+002, 1., 3.44016235e+002, 2.75159302e+002, 1.,
       5.05248291e+002, 2.69089630e+002, 1., 4.10343262e+002,
       2.95151093e+002, 1., 2.10630341e+002, 3.04538940e+002, 1.,
       4.06901733e+002, 2.97189362e+002, 1., 1.97930359e+002,
       3.06848511e+002, 1., 4.29697632e+002, 3.00333252e+002, 1.,
       4.20941559e+002, 3.01106720e+002, 1., 2.69466461e+002,
       3.29926422e+002, 1., 2.35124969e+002, 3.36582489e+002, 1.,
       2.56339294e+002, 3.59978729e+002, 1., 2.02834335e+002,
       3.69126434e+002, 1., 2.21437164e+002, 3.70011688e+002, 1.,
       2.48211899e+002, 3.79617493e+002, 1., 2.54859177e+002,
       3.83394714e+002, 1., 1.72680374e+002, 3.93914124e+002, 1.,
       1.62172668e+002, 3.94226868e+002, 1., 2.05940659e+002,
       3.91795166e+002, 1., 2.12829666e+002, 4.02405609e+002, 1.,
       1.28527252e+002, 4.10394318e+002, 1., 2.29291306e+002,
       4.05416687e+002, 1., 1.91194473e+002, 4.19841858e+002, 1.,
       1.41894135e+002, 4.29579315e+002, 1., 1.51119980e+002,
       4.40123230e+002, 1., 1.99690582e+002, 4.42452240e+002, 1.,
       2.00821960e+002, 4.49026337e+002, 1., 2.04420639e+002,
       4.59060303e+002, 1., 2.68089905e+002, 1.52173080e+002, 1.,
       4.10368103e+002, 1.51363983e+002, 1., 4.02396301e+002,
       1.52112183e+002, 1., 3.71844055e+002, 1.53767822e+002, 1.,
       3.80030426e+002, 1.53461197e+002, 1., 3.88665253e+002,
       1.53014099e+002, 1., 3.59717010e+002, 1.58175110e+002, 1.,
       3.59717010e+002, 1.58175110e+002, 1., 4.18060913e+002,
       1.62978012e+002, 1., 4.10175507e+002, 1.64114609e+002, 1.,
       3.79391998e+002, 1.65347397e+002, 1., 4.02290466e+002,
       1.64743027e+002, 1., 4.02290466e+002, 1.64743027e+002, 1.,
       3.94967926e+002, 1.65312347e+002, 1., 4.38293060e+002,
       1.64152267e+002, 1., 4.30501831e+002, 1.65220108e+002, 1.,
       4.30501831e+002, 1.65220108e+002, 1., 4.24957886e+002,
       1.66971710e+002, 1., 2.63878265e+002, 1.70800323e+002, 1.,
       3.81646576e+002, 1.68984436e+002, 1., 3.81646576e+002,
       1.68984436e+002, 1., 2.50077499e+002, 1.77918976e+002, 1.,
       3.95908905e+002, 1.84386063e+002, 1., 5.44725769e+002,
       1.90715591e+002, 1., 4.81587463e+002, 1.95508896e+002, 1.,
       5.42444580e+002, 2.11016190e+002, 1., 5.42444580e+002,
       2.11016190e+002, 1., 5.20216492e+002, 2.17264252e+002, 1.,
       4.41790955e+002, 2.35687195e+002, 1., 3.48426300e+002,
       2.47089203e+002, 1., 3.80290375e+002, 2.66777893e+002, 1.,
       1.82083298e+002, 3.14847870e+002, 1., 2.69418121e+002,
       3.21286774e+002, 1., 2.57002930e+002, 3.23994812e+002, 1.,
       2.26663086e+002, 3.35239075e+002, 1., 1.98558685e+002,
       3.59077026e+002, 1., 1.56358063e+002, 3.85617462e+002, 1.,
       1.82614151e+002, 4.04127167e+002, 1., 1.67597839e+002,
       4.18793518e+002, 1., 2.68089905e+002, 1.52173080e+002, 1.,
       4.12918121e+002, 1.56825638e+002, 1., 2.43989014e+002,
       1.62111801e+002, 1., 5.51495117e+002, 1.67764130e+002, 1.,
       4.10043243e+002, 1.76174011e+002, 1., 3.99702423e+002,
       1.77185806e+002, 1., 4.04762817e+002, 1.83021500e+002, 1.,
       4.97907227e+002, 2.00393463e+002, 1., 5.22604736e+002,
       2.05858170e+002, 1., 5.39000671e+002, 2.06123383e+002, 1.,
       5.32775574e+002, 2.08856049e+002, 1., 5.40158936e+002,
       2.29662781e+002, 1., 3.85413025e+002, 2.58043060e+002, 1.,
       4.83136261e+002, 2.67411896e+002, 1., 2.47628418e+002,
       3.00902954e+002, 1., 4.63172516e+002, 2.93665314e+002, 1.,
       1.82083298e+002, 3.14847870e+002, 1., 3.30830627e+002,
       3.10836243e+002, 1., 1.75969345e+002, 3.44802673e+002, 1.,
       1.70934769e+002, 3.82123535e+002, 1., 1.44867142e+002,
       4.17061493e+002, 1., 3.86927124e+002, 1.43388718e+002, 1.,
       3.91307281e+002, 1.53812546e+002, 1., 2.38044144e+002,
       1.62963470e+002, 1., 4.10377991e+002, 1.77249329e+002, 1.,
       4.94670380e+002, 1.88829056e+002, 1., 5.49060913e+002,
       2.06864578e+002, 1., 4.91360901e+002, 2.09561752e+002, 1.,
       3.15951294e+002, 2.20452072e+002, 1., 5.00810913e+002,
       2.16744034e+002, 1., 3.74150574e+002, 2.44393021e+002, 1.,
       2.51268463e+002, 2.51472839e+002, 1., 2.68164398e+002,
       2.72597290e+002, 1., 3.64563232e+002, 2.69267059e+002, 1.,
       4.25095520e+002, 2.67562256e+002, 1., 2.81804932e+002,
       2.79074554e+002, 1., 2.75434235e+002, 2.82848511e+002, 1.,
       2.21846329e+002, 2.97189758e+002, 1., 2.55077667e+002,
       1.59601135e+002, 1., 4.05222992e+002, 1.57253922e+002, 1.,
       4.27809387e+002, 1.72265594e+002, 1., 4.97392975e+002,
       1.81097214e+002, 1., 5.13889709e+002, 1.84125427e+002, 1.,
       4.10297302e+002, 1.88903854e+002, 1., 3.83245667e+002,
       1.90764877e+002, 1., 3.83245667e+002, 1.90764877e+002, 1.,
       3.91138031e+002, 1.90085068e+002, 1., 3.91138031e+002,
       1.90085068e+002, 1., 3.99826324e+002, 1.89757294e+002, 1.,
       3.41466187e+002, 2.13994827e+002, 1., 3.59134491e+002,
       2.35301300e+002, 1., 3.59134491e+002, 2.35301300e+002, 1.,
       3.94457275e+002, 2.38463867e+002, 1., 2.54240646e+002,
       2.43302048e+002, 1., 4.38797577e+002, 3.02311737e+002, 1.,
       1.89018677e+002, 3.22308258e+002, 1., 2.65077301e+002,
       3.36221893e+002, 1., 1.94155609e+002, 4.17224915e+002, 1.,
       4.06028137e+002, 1.99337646e+002, 1., 5.23066345e+002,
       1.97026352e+002, 1., 2.40358673e+002, 2.25859100e+002, 1.,
       3.63848419e+002, 2.45590546e+002, 1., 3.33653809e+002,
       2.50734787e+002, 1., 2.32399231e+002, 4.29776031e+002, 1.,
       2.33662323e+002, 1.76369537e+002, 1., 4.03102753e+002,
       2.44828644e+002, 1., 3.59710938e+002, 2.80047668e+002, 1.,
       1.90339417e+002, 3.09673401e+002, 1., 1.93045441e+002,
       3.35220032e+002, 1., 1.93045441e+002, 3.35220032e+002, 1.,
       1.49834641e+002, 4.59686127e+002, 1., 3.76126190e+002,
       1.41743729e+002, 1., 4.59971680e+002, 1.78737411e+002, 1.,
       4.57666351e+002, 2.27335526e+002, 1., 4.57666351e+002,
       2.27335526e+002, 1., 3.52244690e+002, 1.83444336e+002, 1.,
       4.32040588e+002, 2.03985840e+002, 1., 3.60383362e+002,
       2.08568512e+002, 1., 3.98176453e+002, 2.66585693e+002, 1.,
       3.04238525e+002, 2.92925720e+002, 1. ]
ImagePoints: !!opencv-matrix
   rows: 238
   cols: 1
   dt: "3f"
   data: [ 2.57200165e+002, 1.37475616e+002, 1., 2.60337402e+002,
       1.37321960e+002, 1., 2.61560059e+002, 1.44783325e+002, 1.,
       2.46807770e+002, 1.45683212e+002, 1., 2.61289642e+002,
       1.49703781e+002, 1., 2.40722168e+002, 1.50804565e+002, 1.,
       2.58752045e+002, 1.52534317e+002, 1., 3.13428925e+002,
       1.51885895e+002, 1., 2.61040771e+002, 1.54415283e+002, 1.,
       4.17651855e+002, 1.52731262e+002, 1., 2.61978333e+002,
       1.66050781e+002, 1., 2.29106979e+002, 1.71116730e+002, 1.,
       2.56109253e+002, 1.84961533e+002, 1., 5.38251160e+002,
       1.95447098e+002, 1., 5.41304382e+002, 1.96191589e+002, 1.,
       5.31437988e+002, 2.02015411e+002, 1., 4.83920044e+002,
       2.06270065e+002, 1., 3.80577545e+002, 2.08360718e+002, 1.,
       3.55059509e+002, 2.09636978e+002, 1., 3.46861542e+002,
       2.14789337e+002, 1., 3.55101563e+002, 2.14469437e+002, 1.,
       5.02299805e+002, 2.12041199e+002, 1., 4.79176788e+002,
       2.17311920e+002, 1., 2.35524948e+002, 2.25271271e+002, 1.,
       5.28756226e+002, 2.24311401e+002, 1., 4.80368927e+002,
       2.33015854e+002, 1., 2.32414398e+002, 2.47189667e+002, 1.,
       4.76804199e+002, 2.42597977e+002, 1., 4.83001129e+002,
       2.43290207e+002, 1., 3.43913116e+002, 2.49219727e+002, 1.,
       2.79764252e+002, 2.55164154e+002, 1., 3.62714630e+002,
       2.62446777e+002, 1., 4.75373474e+002, 2.62021545e+002, 1.,
       2.16720612e+002, 2.87421204e+002, 1., 2.71672119e+002,
       2.86719299e+002, 1., 2.58932495e+002, 3.00552124e+002, 1.,
       3.32628082e+002, 3.05886749e+002, 1., 3.71092987e+002,
       3.04216553e+002, 1., 2.85554718e+002, 3.29241028e+002, 1.,
       2.53725891e+002, 3.35801514e+002, 1., 1.95827545e+002,
       3.39702026e+002, 1., 2.29039658e+002, 3.46933807e+002, 1.,
       2.39991867e+002, 3.50159607e+002, 1., 2.22139191e+002,
       3.59650696e+002, 1., 1.59449738e+002, 3.81690369e+002, 1.,
       2.04791656e+002, 3.80409607e+002, 1., 2.04622086e+002,
       3.91647461e+002, 1., 2.32430359e+002, 3.94502106e+002, 1.,
       1.25289970e+002, 4.02361938e+002, 1., 1.39840652e+002,
       4.29002655e+002, 1., 1.93722061e+002, 4.57107239e+002, 1.,
       3.98894989e+002, 1.36400650e+002, 1., 2.72163116e+002,
       1.50371643e+002, 1., 2.72163116e+002, 1.50371643e+002, 1.,
       3.87594177e+002, 1.48456345e+002, 1., 4.20188843e+002,
       1.49232681e+002, 1., 4.18511810e+002, 1.56110641e+002, 1.,
       2.29077194e+002, 1.60119858e+002, 1., 4.17503540e+002,
       1.59668884e+002, 1., 4.17503540e+002, 1.59668884e+002, 1.,
       4.19872070e+002, 1.62663574e+002, 1., 4.17408875e+002,
       1.68952377e+002, 1., 3.95755615e+002, 1.70746429e+002, 1.,
       4.05517487e+002, 1.70136414e+002, 1., 3.72816803e+002,
       1.75330948e+002, 1., 3.72816803e+002, 1.75330948e+002, 1.,
       2.52321869e+002, 1.80311401e+002, 1., 4.10029327e+002,
       1.82714081e+002, 1., 4.10029327e+002, 1.82714081e+002, 1.,
       2.33060501e+002, 2.03039551e+002, 1., 3.87103424e+002,
       1.89095016e+002, 1., 3.90099579e+002, 2.02347977e+002, 1.,
       3.90099579e+002, 2.02347977e+002, 1., 5.06688904e+002,
       2.03500351e+002, 1., 3.76587677e+002, 2.09924789e+002, 1.,
       3.94741821e+002, 2.09975388e+002, 1., 3.85122894e+002,
       2.10862732e+002, 1., 3.85122894e+002, 2.10862732e+002, 1.,
       4.91824677e+002, 2.11383102e+002, 1., 4.91824677e+002,
       2.11383102e+002, 1., 4.82875214e+002, 2.12213577e+002, 1.,
       4.88330139e+002, 2.13689850e+002, 1., 5.08742432e+002,
       2.18393066e+002, 1., 3.75348816e+002, 2.31493713e+002, 1.,
       2.35705917e+002, 2.38218750e+002, 1., 3.71674316e+002,
       2.35795624e+002, 1., 3.70667084e+002, 2.51265289e+002, 1.,
       4.02042206e+002, 2.63070740e+002, 1., 4.81557068e+002,
       2.61500488e+002, 1., 3.80395172e+002, 2.66931885e+002, 1.,
       3.97166656e+002, 2.66386169e+002, 1., 2.89486542e+002,
       2.70416016e+002, 1., 3.40847290e+002, 2.73214264e+002, 1.,
       5.01740448e+002, 2.68500305e+002, 1., 4.07018494e+002,
       2.93842377e+002, 1., 2.07383316e+002, 3.00748444e+002, 1.,
       4.03515167e+002, 2.95792053e+002, 1., 1.94909637e+002,
       3.02954620e+002, 1., 4.26263245e+002, 2.99136414e+002, 1.,
       4.17606415e+002, 2.99815063e+002, 1., 2.63282318e+002,
       3.25934875e+002, 1., 2.29160385e+002, 3.32315125e+002, 1.,
       2.48607300e+002, 3.55006104e+002, 1., 1.96157806e+002,
       3.63298340e+002, 1., 2.13962006e+002, 3.64393341e+002, 1.,
       2.39289246e+002, 3.73927338e+002, 1., 2.45594925e+002,
       3.77519318e+002, 1., 1.65463318e+002, 3.86956177e+002, 1.,
       1.55110931e+002, 3.87224762e+002, 1., 1.97709747e+002,
       3.85354858e+002, 1., 2.03966675e+002, 3.95654968e+002, 1.,
       1.21770035e+002, 4.02394562e+002, 1., 2.19661606e+002,
       3.98676544e+002, 1., 1.81708923e+002, 4.12319000e+002, 1.,
       1.34322556e+002, 4.21209351e+002, 1., 1.43053925e+002,
       4.31694244e+002, 1., 1.90336212e+002, 4.34531067e+002, 1.,
       1.91363907e+002, 4.41062164e+002, 1., 1.95104874e+002,
       4.51147797e+002, 1., 2.67179535e+002, 1.51352966e+002, 1.,
       4.05809784e+002, 1.50735840e+002, 1., 3.97853638e+002,
       1.51475327e+002, 1., 3.67581451e+002, 1.53023804e+002, 1.,
       3.75665741e+002, 1.52698013e+002, 1., 3.84204254e+002,
       1.52352173e+002, 1., 3.55539215e+002, 1.57265076e+002, 1.,
       3.55539215e+002, 1.57265076e+002, 1., 4.13596649e+002,
       1.62259399e+002, 1., 4.05715302e+002, 1.63319504e+002, 1.,
       3.75074921e+002, 1.64456741e+002, 1., 3.97851593e+002,
       1.63937637e+002, 1., 3.97851593e+002, 1.63937637e+002, 1.,
       3.90569214e+002, 1.64476273e+002, 1., 4.33926910e+002,
       1.63537964e+002, 1., 4.26044525e+002, 1.64576981e+002, 1.,
       4.26044525e+002, 1.64576981e+002, 1., 4.20704468e+002,
       1.66311920e+002, 1., 2.64164307e+002, 1.69566528e+002, 1.,
       3.77326691e+002, 1.68074188e+002, 1., 3.77326691e+002,
       1.68074188e+002, 1., 2.49285690e+002, 1.76706528e+002, 1.,
       3.91682922e+002, 1.83434525e+002, 1., 5.40001404e+002,
       1.90241089e+002, 1., 4.77568695e+002, 1.94934326e+002, 1.,
       5.37918457e+002, 2.10631378e+002, 1., 5.37918457e+002,
       2.10631378e+002, 1., 5.15743286e+002, 2.16770950e+002, 1.,
       4.37864746e+002, 2.35068726e+002, 1., 3.44687775e+002,
       2.45409576e+002, 1., 3.76931458e+002, 2.65146027e+002, 1.,
       1.79318283e+002, 3.10348846e+002, 1., 2.63606293e+002,
       3.17379364e+002, 1., 2.51371796e+002, 3.20050140e+002, 1.,
       2.21059433e+002, 3.30750244e+002, 1., 1.92043091e+002,
       3.53488800e+002, 1., 1.49619949e+002, 3.78811584e+002, 1.,
       1.74281830e+002, 3.96967621e+002, 1., 1.58984329e+002,
       4.10959869e+002, 1., 2.67179535e+002, 1.51352966e+002, 1.,
       4.08440796e+002, 1.56099823e+002, 1., 2.43249954e+002,
       1.61092728e+002, 1., 5.47413025e+002, 1.67359146e+002, 1.,
       4.05664795e+002, 1.75286530e+002, 1., 3.95430450e+002,
       1.76186447e+002, 1., 4.00475037e+002, 1.82124542e+002, 1.,
       4.93711975e+002, 1.99893356e+002, 1., 5.17982422e+002,
       2.05380447e+002, 1., 5.34448547e+002, 2.05632675e+002, 1.,
       5.28195740e+002, 2.08469498e+002, 1., 5.35573120e+002,
       2.29158600e+002, 1., 3.82350220e+002, 2.56683105e+002, 1.,
       4.79567596e+002, 2.66728180e+002, 1., 2.43753784e+002,
       2.97514618e+002, 1., 4.60211395e+002, 2.92771240e+002, 1.,
       1.79318283e+002, 3.10348846e+002, 1., 3.28356018e+002,
       3.08949524e+002, 1., 1.71194351e+002, 3.39535187e+002, 1.,
       1.64075363e+002, 3.75552704e+002, 1., 1.37012115e+002,
       4.08960510e+002, 1., 3.82297913e+002, 1.42793152e+002, 1.,
       3.86875366e+002, 1.53163147e+002, 1., 2.37287216e+002,
       1.61937805e+002, 1., 4.06156067e+002, 1.76771912e+002, 1.,
       4.90206360e+002, 1.88307343e+002, 1., 5.43865479e+002,
       2.06098404e+002, 1., 4.87339783e+002, 2.08973297e+002, 1.,
       3.13168518e+002, 2.19004395e+002, 1., 4.96527374e+002,
       2.15965637e+002, 1., 3.70642487e+002, 2.43055328e+002, 1.,
       2.50460846e+002, 2.49365402e+002, 1., 2.65543579e+002,
       2.70254639e+002, 1., 3.61361267e+002, 2.67639557e+002, 1.,
       4.21865295e+002, 2.66208893e+002, 1., 2.78673248e+002,
       2.76549622e+002, 1., 2.72046600e+002, 2.80182770e+002, 1.,
       2.18280579e+002, 2.93855042e+002, 1., 2.54292160e+002,
       1.58659897e+002, 1., 4.00690369e+002, 1.56497818e+002, 1.,
       4.23213379e+002, 1.71410919e+002, 1., 4.92942932e+002,
       1.80576340e+002, 1., 5.09296875e+002, 1.82962143e+002, 1.,
       4.05819702e+002, 1.88035965e+002, 1., 3.78777161e+002,
       1.89735550e+002, 1., 3.78777161e+002, 1.89735550e+002, 1.,
       3.87103424e+002, 1.89095016e+002, 1., 3.87103424e+002,
       1.89095016e+002, 1., 3.95561432e+002, 1.88845718e+002, 1.,
       3.37881287e+002, 2.12545731e+002, 1., 3.55416718e+002,
       2.33814606e+002, 1., 3.55416718e+002, 2.33814606e+002, 1.,
       3.90760925e+002, 2.37118378e+002, 1., 2.53535446e+002,
       2.41366180e+002, 1., 4.35342529e+002, 3.01145447e+002, 1.,
       1.85178741e+002, 3.17816223e+002, 1., 2.58586578e+002,
       3.32003021e+002, 1., 1.84484238e+002, 4.09832367e+002, 1.,
       4.02067291e+002, 1.98392120e+002, 1., 5.18493713e+002,
       1.96704239e+002, 1., 2.39795547e+002, 2.23893372e+002, 1.,
       3.60395630e+002, 2.44199677e+002, 1., 3.30473694e+002,
       2.48677704e+002, 1., 2.22173203e+002, 4.22730957e+002, 1.,
       2.33337280e+002, 1.75072113e+002, 1., 3.99293091e+002,
       2.43485138e+002, 1., 3.56493500e+002, 2.78227081e+002, 1.,
       1.87381607e+002, 3.05611664e+002, 1., 1.88083633e+002,
       3.30607513e+002, 1., 1.88083633e+002, 3.30607513e+002, 1.,
       1.42264893e+002, 4.50981232e+002, 1., 3.71666840e+002,
       1.41072006e+002, 1., 4.55817291e+002, 1.77694794e+002, 1.,
       4.53826935e+002, 2.26426102e+002, 1., 4.53826935e+002,
       2.26426102e+002, 1., 3.48458008e+002, 1.82209381e+002, 1.,
       4.27902527e+002, 2.03089752e+002, 1., 3.56227966e+002,
       2.07247406e+002, 1., 3.93520020e+002, 2.64815094e+002, 1.,
       3.00923584e+002, 2.89665955e+002, 1. ]
ImagePoints: !!opencv-matrix
   rows: 238
   cols: 1
   dt: "3f"
   data: [ 2.50387497e+002, 1.43620773e+002, 1., 2.53556717e+002,
       1.43517914e+002, 1., 2.54776321e+002, 1.51022888e+002, 1.,
       2.40072388e+002, 1.51623276e+002, 1., 2.54489685e+002,
       1.55712646e+002, 1., 2.33862579e+002, 1.56804352e+002, 1.,
       2.51929276e+002, 1.58433990e+002, 1., 3.04157318e+002,
       1.58638977e+002, 1., 2.54178314e+002, 1.60425781e+002, 1.,
       4.07668396e+002, 1.60523666e+002, 1., 2.55340164e+002,
       1.72006577e+002, 1., 2.22204483e+002, 1.76564850e+002, 1.,
       2.49147903e+002, 1.90565887e+002, 1., 5.27923523e+002,
       2.03825165e+002, 1., 5.30879761e+002, 2.04834351e+002, 1.,
       5.21133545e+002, 2.10499496e+002, 1., 4.74211121e+002,
       2.13811279e+002, 1., 3.71073975e+002, 2.15382858e+002, 1.,
       3.45717010e+002, 2.16119476e+002, 1., 3.37549744e+002,
       2.20939972e+002, 1., 3.45702850e+002, 2.20915344e+002, 1.,
       4.92298645e+002, 2.20307495e+002, 1., 4.69645782e+002,
       2.25012299e+002, 1., 2.28702194e+002, 2.30238220e+002, 1.,
       5.18510681e+002, 2.32596878e+002, 1., 4.71137329e+002,
       2.40452972e+002, 1., 2.25721481e+002, 2.51597122e+002, 1.,
       4.67449402e+002, 2.50045776e+002, 1., 4.73879028e+002,
       2.50944122e+002, 1., 3.34865417e+002, 2.55171356e+002, 1.,
       2.71977173e+002, 2.60057220e+002, 1., 3.53987427e+002,
       2.68129700e+002, 1., 4.66220642e+002, 2.69293518e+002, 1.,
       2.07470673e+002, 2.91385681e+002, 1., 2.61110138e+002,
       2.91362213e+002, 1., 2.48104050e+002, 3.04971893e+002, 1.,
       3.23981201e+002, 3.11055969e+002, 1., 3.62088165e+002,
       3.09949310e+002, 1., 2.73104919e+002, 3.33894897e+002, 1.,
       2.40774292e+002, 3.39886627e+002, 1., 1.83618866e+002,
       3.42973846e+002, 1., 2.15743530e+002, 3.50723328e+002, 1.,
       2.26458847e+002, 3.54126038e+002, 1., 2.08160492e+002,
       3.63165955e+002, 1., 1.45161972e+002, 3.84102295e+002, 1.,
       1.89788071e+002, 3.83441345e+002, 1., 1.88876099e+002,
       3.94516418e+002, 1., 2.16047470e+002, 3.98060822e+002, 1.,
       1.10639717e+002, 4.03837585e+002, 1., 1.24780663e+002,
       4.30398285e+002, 1., 1.77989197e+002, 4.59098328e+002, 1.,
       3.88842804e+002, 1.44006348e+002, 1., 2.65461609e+002,
       1.56356110e+002, 1., 2.65461609e+002, 1.56356110e+002, 1.,
       3.77535065e+002, 1.55775665e+002, 1., 4.10176483e+002,
       1.57028992e+002, 1., 4.08528473e+002, 1.63802032e+002, 1.,
       2.22228165e+002, 1.65663773e+002, 1., 4.07516815e+002,
       1.67294189e+002, 1., 4.07516815e+002, 1.67294189e+002, 1.,
       4.09937042e+002, 1.70264206e+002, 1., 4.07524750e+002,
       1.76479019e+002, 1., 3.85927612e+002, 1.78097305e+002, 1.,
       3.95556122e+002, 1.77547562e+002, 1., 3.63111755e+002,
       1.82585999e+002, 1., 3.63111755e+002, 1.82585999e+002, 1.,
       2.45474060e+002, 1.85748596e+002, 1., 4.00229309e+002,
       1.90014114e+002, 1., 4.00229309e+002, 1.90014114e+002, 1.,
       2.25112030e+002, 2.08354843e+002, 1., 3.77133118e+002,
       1.96033539e+002, 1., 3.80567078e+002, 2.09207336e+002, 1.,
       3.80567078e+002, 2.09207336e+002, 1., 4.96709930e+002,
       2.12351791e+002, 1., 3.67106506e+002, 2.16626450e+002, 1.,
       3.85224396e+002, 2.16592407e+002, 1., 3.75464905e+002,
       2.17331940e+002, 1., 3.75464905e+002, 2.17331940e+002, 1.,
       4.81971710e+002, 2.19189590e+002, 1., 4.81971710e+002,
       2.19189590e+002, 1., 4.73270233e+002, 2.19849869e+002, 1.,
       4.78707489e+002, 2.21773163e+002, 1., 4.98802460e+002,
       2.26691879e+002, 1., 3.66227020e+002, 2.37869949e+002, 1.,
       2.28866714e+002, 2.42773819e+002, 1., 3.62218903e+002,
       2.42154236e+002, 1., 3.61585358e+002, 2.57356750e+002, 1.,
       3.92818909e+002, 2.69599945e+002, 1., 4.72387726e+002,
       2.68824829e+002, 1., 3.71031708e+002, 2.73456970e+002, 1.,
       3.87988495e+002, 2.72636353e+002, 1., 2.80775543e+002,
       2.75390411e+002, 1., 3.31874115e+002, 2.78904419e+002, 1.,
       4.92341095e+002, 2.76192261e+002, 1., 3.98473419e+002,
       2.99898529e+002, 1., 1.97322052e+002, 3.04530121e+002, 1.,
       3.94348724e+002, 3.01823639e+002, 1., 1.84928101e+002,
       3.06583588e+002, 1., 4.17394012e+002, 3.05557831e+002, 1.,
       4.08838379e+002, 3.06040161e+002, 1., 2.50831863e+002,
       3.30224274e+002, 1., 2.16787567e+002, 3.35963684e+002, 1.,
       2.34777298e+002, 3.59050201e+002, 1., 1.82359665e+002,
       3.66343903e+002, 1., 1.99679733e+002, 3.67587372e+002, 1.,
       2.24115250e+002, 3.77661804e+002, 1., 2.30539886e+002,
       3.81532745e+002, 1., 1.50576843e+002, 3.89490326e+002, 1.,
       1.40713058e+002, 3.89574585e+002, 1., 1.82253830e+002,
       3.88421143e+002, 1., 1.88150558e+002, 3.98640381e+002, 1.,
       1.06964531e+002, 4.03925629e+002, 1., 2.03258911e+002,
       4.01922943e+002, 1., 1.65825790e+002, 4.14599030e+002, 1.,
       1.19211647e+002, 4.22588837e+002, 1., 1.27947754e+002,
       4.33201385e+002, 1., 1.74081253e+002, 4.36598389e+002, 1.,
       1.75171234e+002, 4.43303223e+002, 1., 1.79192810e+002,
       4.53254730e+002, 1., 2.60391693e+002, 1.57359787e+002, 1.,
       3.95800232e+002, 1.58374527e+002, 1., 3.87897217e+002,
       1.59041245e+002, 1., 3.65780853e+002, 1.60041519e+002, 1.,
       3.65780853e+002, 1.60041519e+002, 1., 3.74360657e+002,
       1.59852448e+002, 1., 3.45793701e+002, 1.64457443e+002, 1.,
       3.45793701e+002, 1.64457443e+002, 1., 4.03552460e+002,
       1.69807022e+002, 1., 3.95807983e+002, 1.70824310e+002, 1.,
       3.65350891e+002, 1.71450256e+002, 1., 3.87934723e+002,
       1.71312607e+002, 1., 3.87934723e+002, 1.71312607e+002, 1.,
       3.80732361e+002, 1.71760239e+002, 1., 4.24105469e+002,
       1.71324509e+002, 1., 4.16140381e+002, 1.72267380e+002, 1.,
       4.16140381e+002, 1.72267380e+002, 1., 4.11018311e+002,
       1.73797806e+002, 1., 2.57220490e+002, 1.75355774e+002, 1.,
       3.67471741e+002, 1.75041992e+002, 1., 3.67471741e+002,
       1.75041992e+002, 1., 2.42535873e+002, 1.82190277e+002, 1.,
       3.81955750e+002, 1.90461563e+002, 1., 5.29397400e+002,
       1.99159653e+002, 1., 4.67954346e+002, 2.02810806e+002, 1.,
       5.27494080e+002, 2.19229553e+002, 1., 5.27494080e+002,
       2.19229553e+002, 1., 5.05550110e+002, 2.24975540e+002, 1.,
       4.28486877e+002, 2.42291595e+002, 1., 3.35613556e+002,
       2.51299744e+002, 1., 3.67733856e+002, 2.71378357e+002, 1.,
       1.69261185e+002, 3.13728943e+002, 1., 2.51540146e+002,
       3.21819824e+002, 1., 2.39509338e+002, 3.24389374e+002, 1.,
       2.08697449e+002, 3.34626312e+002, 1., 1.79062103e+002,
       3.56843170e+002, 1., 1.35764221e+002, 3.81189148e+002, 1.,
       1.58941437e+002, 3.99420319e+002, 1., 1.43495178e+002,
       4.13051605e+002, 1., 2.60391693e+002, 1.57359787e+002, 1.,
       3.98462891e+002, 1.63372620e+002, 1., 2.36363922e+002,
       1.66798752e+002, 1., 5.37681213e+002, 1.76210175e+002, 1.,
       3.95906097e+002, 1.82945740e+002, 1., 3.85672058e+002,
       1.83475082e+002, 1., 3.90762726e+002, 1.89390442e+002, 1.,
       4.83935150e+002, 2.07880066e+002, 1., 5.07841766e+002,
       2.13644302e+002, 1., 5.24166077e+002, 2.14097427e+002, 1.,
       5.18096863e+002, 2.17046722e+002, 1., 5.25391968e+002,
       2.37371414e+002, 1., 3.73097412e+002, 2.62804962e+002, 1.,
       4.70043274e+002, 2.74052124e+002, 1., 2.33189514e+002,
       3.01828705e+002, 1., 4.51589600e+002, 2.99560303e+002, 1.,
       1.69261185e+002, 3.13728943e+002, 1., 3.19599152e+002,
       3.13900482e+002, 1., 1.59533188e+002, 3.42435394e+002, 1.,
       1.50080566e+002, 3.78208649e+002, 1., 1.21822899e+002,
       4.10720032e+002, 1., 3.72277374e+002, 1.50271851e+002, 1.,
       3.76823151e+002, 1.60501801e+002, 1., 2.30328949e+002,
       1.67573868e+002, 1., 3.95906097e+002, 1.82945740e+002, 1.,
       4.80287750e+002, 1.96365448e+002, 1., 5.33270935e+002,
       2.14452148e+002, 1., 4.77774231e+002, 2.16905899e+002, 1.,
       3.04251801e+002, 2.24650421e+002, 1., 4.86641327e+002,
       2.24182480e+002, 1., 3.61305298e+002, 2.49219284e+002, 1.,
       2.43940323e+002, 2.53960495e+002, 1., 2.56943115e+002,
       2.74936707e+002, 1., 3.52215515e+002, 2.73571533e+002, 1.,
       4.12602875e+002, 2.72940002e+002, 1., 2.69482086e+002,
       2.81384430e+002, 1., 2.62778961e+002, 2.84980408e+002, 1.,
       2.08882431e+002, 2.97693115e+002, 1., 2.47418564e+002,
       1.64541809e+002, 1., 3.90764130e+002, 1.63985306e+002, 1.,
       4.12696991e+002, 1.78734833e+002, 1., 4.83109894e+002,
       1.88767731e+002, 1., 4.99170624e+002, 1.91469513e+002, 1.,
       3.96131409e+002, 1.95191040e+002, 1., 3.69299042e+002,
       1.96577698e+002, 1., 3.69299042e+002, 1.96577698e+002, 1.,
       3.77133118e+002, 1.96033539e+002, 1., 3.77133118e+002,
       1.96033539e+002, 1., 3.85740662e+002, 1.95919815e+002, 1.,
       3.28587372e+002, 2.18767303e+002, 1., 3.46150940e+002,
       2.39975021e+002, 1., 3.46150940e+002, 2.39975021e+002, 1.,
       3.81270569e+002, 2.43671371e+002, 1., 2.46737564e+002,
       2.45809067e+002, 1., 4.26699860e+002, 3.07717834e+002, 1.,
       1.74189865e+002, 3.21273712e+002, 1., 2.45750458e+002,
       3.36301605e+002, 1., 1.69302750e+002, 4.12286926e+002, 1.,
       3.92565582e+002, 2.05503876e+002, 1., 5.08260071e+002,
       2.05139374e+002, 1., 2.33301865e+002, 2.29334442e+002, 1.,
       3.51081085e+002, 2.50275253e+002, 1., 3.21367523e+002,
       2.54611877e+002, 1., 2.05589447e+002, 4.25817688e+002, 1.,
       2.26422058e+002, 1.80810196e+002, 1., 3.89948578e+002,
       2.50007629e+002, 1., 3.47670166e+002, 2.84013519e+002, 1.,
       1.77388809e+002, 3.09069611e+002, 1., 1.76480820e+002,
       3.33894745e+002, 1., 1.76480820e+002, 3.33894745e+002, 1.,
       1.27394951e+002, 4.52420532e+002, 1., 3.61947754e+002,
       1.48468231e+002, 1., 4.46142395e+002, 1.85782898e+002, 1.,
       4.44529327e+002, 2.33724777e+002, 1., 4.44529327e+002,
       2.33724777e+002, 1., 3.38843994e+002, 1.89107605e+002, 1.,
       4.18673462e+002, 2.10281631e+002, 1., 3.46753754e+002,
       2.13441833e+002, 1., 3.84878235e+002, 2.71224487e+002, 1.,
       2.91399200e+002, 2.94658142e+002, 1. ]
ImagePoints: !!opencv-matrix
   rows: 238
   cols: 1
   dt: "3f"
   data: [ 2.28445190e+002, 1.40872116e+002, 1., 2.31462219e+002,
       1.40922195e+002, 1., 2.33204956e+002, 1.48187637e+002, 1.,
       2.18099106e+002, 1.49132004e+002, 1., 2.33058823e+002,
       1.53058990e+002, 1., 2.12029022e+002, 1.54419739e+002, 1.,
       2.30661514e+002, 1.55636429e+002, 1., 2.79535431e+002,
       1.55004959e+002, 1., 2.33000687e+002, 1.57676636e+002, 1.,
       3.83293701e+002, 1.55098709e+002, 1., 2.34480530e+002,
       1.69199661e+002, 1., 2.00748230e+002, 1.74527557e+002, 1.,
       2.28902695e+002, 1.87977966e+002, 1., 5.04655151e+002,
       1.96686417e+002, 1., 5.07606537e+002, 1.97472076e+002, 1.,
       4.98346893e+002, 2.03623367e+002, 1., 4.52391388e+002,
       2.07991547e+002, 1., 3.48655487e+002, 2.10715240e+002, 1.,
       3.23041473e+002, 2.11977692e+002, 1., 3.15121552e+002,
       2.17316574e+002, 1., 3.23391418e+002, 2.16922562e+002, 1.,
       4.70398315e+002, 2.13769958e+002, 1., 4.48412323e+002,
       2.19010483e+002, 1., 2.09241226e+002, 2.28072693e+002, 1.,
       4.96589508e+002, 2.25918640e+002, 1., 4.50261108e+002,
       2.34556946e+002, 1., 2.06985657e+002, 2.49795731e+002, 1.,
       4.47203278e+002, 2.44285645e+002, 1., 4.53168945e+002,
       2.45296570e+002, 1., 3.13667114e+002, 2.51517303e+002, 1.,
       2.52358597e+002, 2.57622620e+002, 1., 3.33310333e+002,
       2.64391937e+002, 1., 4.46555450e+002, 2.63544739e+002, 1.,
       1.85322998e+002, 2.89832703e+002, 1., 2.38999023e+002,
       2.89106232e+002, 1., 2.24315826e+002, 3.02990967e+002, 1.,
       3.05143463e+002, 3.08066711e+002, 1., 3.32517731e+002,
       3.06380524e+002, 1., 2.47800522e+002, 3.31507538e+002, 1.,
       2.14303650e+002, 3.38072510e+002, 1., 1.56565109e+002,
       3.42521545e+002, 1., 1.88402191e+002, 3.49303101e+002, 1.,
       1.99081146e+002, 3.52543945e+002, 1., 1.80069519e+002,
       3.62126862e+002, 1., 1.16160522e+002, 3.83630737e+002, 1.,
       1.60481781e+002, 3.82697601e+002, 1., 1.59074387e+002,
       3.93727142e+002, 1., 1.85543533e+002, 3.96639618e+002, 1.,
       8.09366226e+001, 4.03722412e+002, 1., 9.48344345e+001,
       4.29899536e+002, 1., 1.48779907e+002, 4.58070740e+002, 1.,
       3.63855133e+002, 1.39356277e+002, 1., 2.44356796e+002,
       1.53508469e+002, 1., 2.44356796e+002, 1.53508469e+002, 1.,
       3.52881134e+002, 1.51047287e+002, 1., 3.85823395e+002,
       1.51580856e+002, 1., 3.84422791e+002, 1.58436508e+002, 1.,
       2.00362930e+002, 1.63498108e+002, 1., 3.83530151e+002,
       1.61963593e+002, 1., 3.83530151e+002, 1.61963593e+002, 1.,
       3.86122406e+002, 1.64922806e+002, 1., 3.83888062e+002,
       1.71192764e+002, 1., 3.62107361e+002, 1.73163788e+002, 1.,
       3.71856323e+002, 1.72480301e+002, 1., 3.39307922e+002,
       1.77838226e+002, 1., 3.39307922e+002, 1.77838226e+002, 1.,
       2.24696609e+002, 1.83458496e+002, 1., 3.77029144e+002,
       1.84938828e+002, 1., 3.77029144e+002, 1.84938828e+002, 1.,
       2.05562958e+002, 2.06220978e+002, 1., 3.53937042e+002,
       1.91370438e+002, 1., 3.57794281e+002, 2.04611252e+002, 1.,
       3.57794281e+002, 2.04611252e+002, 1., 4.74254730e+002,
       2.05836288e+002, 1., 3.44585358e+002, 2.12533585e+002, 1.,
       3.62900940e+002, 2.11946136e+002, 1., 3.53161072e+002,
       2.12792923e+002, 1., 3.53161072e+002, 2.12792923e+002, 1.,
       4.60290039e+002, 2.13152069e+002, 1., 4.60290039e+002,
       2.13152069e+002, 1., 4.51870941e+002, 2.13774307e+002, 1.,
       4.57216888e+002, 2.15440445e+002, 1., 4.76875244e+002,
       2.20054840e+002, 1., 3.44266083e+002, 2.33591888e+002, 1.,
       2.10048737e+002, 2.40910019e+002, 1., 3.40781921e+002,
       2.37999664e+002, 1., 3.40575287e+002, 2.53317627e+002, 1.,
       3.72633636e+002, 2.65099060e+002, 1., 4.52377472e+002,
       2.63325500e+002, 1., 3.50917786e+002, 2.69361542e+002, 1.,
       3.67958954e+002, 2.68291840e+002, 1., 2.60132751e+002,
       2.72881226e+002, 1., 3.11862457e+002, 2.75470001e+002, 1.,
       4.72625671e+002, 2.70102142e+002, 1., 3.79277496e+002,
       2.95677124e+002, 1., 1.74081757e+002, 3.03276611e+002, 1.,
       3.75851563e+002, 2.97773621e+002, 1., 1.61853058e+002,
       3.05572754e+002, 1., 3.98716095e+002, 3.00976318e+002, 1.,
       3.90032288e+002, 3.01675446e+002, 1., 2.24640991e+002,
       3.28350220e+002, 1., 1.90602158e+002, 3.34534576e+002, 1.,
       2.07083115e+002, 3.57309814e+002, 1., 1.54764618e+002,
       3.65105286e+002, 1., 1.70957275e+002, 3.66752319e+002, 1.,
       1.95580276e+002, 3.76325378e+002, 1., 2.01097809e+002,
       3.79827515e+002, 1., 1.21317535e+002, 3.88618561e+002, 1.,
       1.11368546e+002, 3.89165070e+002, 1., 1.52360641e+002,
       3.87691254e+002, 1., 1.58448349e+002, 3.97519714e+002, 1.,
       7.75284500e+001, 4.03673065e+002, 1., 1.72489685e+002,
       4.00764557e+002, 1., 1.34231796e+002, 4.13990692e+002, 1.,
       8.94444580e+001, 4.22114746e+002, 1., 9.84551773e+001,
       4.32619385e+002, 1., 1.43742889e+002, 4.35951019e+002, 1.,
       1.45233459e+002, 4.42279236e+002, 1., 1.49845261e+002,
       4.52080627e+002, 1., 2.39130875e+002, 1.54642502e+002, 1.,
       3.71284912e+002, 1.53190231e+002, 1., 3.63366394e+002,
       1.53964111e+002, 1., 3.41152252e+002, 1.55450516e+002, 1.,
       3.41152252e+002, 1.55450516e+002, 1., 3.49719696e+002,
       1.54896210e+002, 1., 3.21245667e+002, 1.60030106e+002, 1.,
       3.21245667e+002, 1.60030106e+002, 1., 3.79659119e+002,
       1.64631485e+002, 1., 3.71817474e+002, 1.65759552e+002, 1.,
       3.41111725e+002, 1.67007523e+002, 1., 3.63908508e+002,
       1.66392578e+002, 1., 3.63908508e+002, 1.66392578e+002, 1.,
       3.56624054e+002, 1.66907761e+002, 1., 4.00450836e+002,
       1.65786240e+002, 1., 3.92471680e+002, 1.66794235e+002, 1.,
       3.92471680e+002, 1.66794235e+002, 1., 3.87178528e+002,
       1.68497726e+002, 1., 2.35959778e+002, 1.72830109e+002, 1.,
       3.43553467e+002, 1.70572449e+002, 1., 3.43553467e+002,
       1.70572449e+002, 1., 2.21757629e+002, 1.79901901e+002, 1.,
       3.58603638e+002, 1.85788086e+002, 1., 5.06244598e+002,
       1.91928055e+002, 1., 4.46005829e+002, 1.96748138e+002, 1.,
       5.04882477e+002, 2.12085922e+002, 1., 5.04882477e+002,
       2.12085922e+002, 1., 4.83736176e+002, 2.18449295e+002, 1.,
       4.07734436e+002, 2.37035034e+002, 1., 3.14868256e+002,
       2.47761124e+002, 1., 3.47388214e+002, 2.67341370e+002, 1.,
       1.45625931e+002, 3.13083160e+002, 1., 2.26464478e+002,
       3.19697510e+002, 1., 2.14026199e+002, 3.22378662e+002, 1.,
       1.82896622e+002, 3.33182983e+002, 1., 1.51477081e+002,
       3.55865570e+002, 1., 1.07905121e+002, 3.80369476e+002, 1.,
       1.28555649e+002, 3.98826111e+002, 1., 1.12456154e+002,
       4.12402069e+002, 1., 2.39130875e+002, 1.54642502e+002, 1.,
       3.74154968e+002, 1.58440613e+002, 1., 2.14969650e+002,
       1.64392899e+002, 1., 5.15200928e+002, 1.68636887e+002, 1.,
       3.72165070e+002, 1.77306458e+002, 1., 3.62025391e+002,
       1.78459717e+002, 1., 3.67431213e+002, 1.84573166e+002, 1.,
       4.61550903e+002, 2.01507690e+002, 1., 4.85338470e+002,
       2.06991882e+002, 1., 5.01117004e+002, 2.07127136e+002, 1.,
       4.95391876e+002, 2.10056778e+002, 1., 5.03528473e+002,
       2.30806915e+002, 1., 3.52259247e+002, 2.58695679e+002, 1.,
       4.50363892e+002, 2.68468567e+002, 1., 2.09915146e+002,
       3.00114105e+002, 1., 4.33205505e+002, 2.94566284e+002, 1.,
       1.45625931e+002, 3.13083160e+002, 1., 3.00867126e+002,
       3.10753937e+002, 1., 1.33466644e+002, 3.41888733e+002, 1.,
       1.21797218e+002, 3.77655182e+002, 1., 9.16174469e+001,
       4.10355499e+002, 1., 3.47245361e+002, 1.45492462e+002, 1.,
       3.52267059e+002, 1.55622589e+002, 1., 2.08772079e+002,
       1.65322845e+002, 1., 3.72165070e+002, 1.77306458e+002, 1.,
       4.57875000e+002, 1.90167511e+002, 1., 5.10404663e+002,
       2.07447449e+002, 1., 4.55775940e+002, 2.10792023e+002, 1.,
       2.81876648e+002, 2.21631149e+002, 1., 4.64901306e+002,
       2.17630264e+002, 1., 3.39794525e+002, 2.44891998e+002, 1.,
       2.25563065e+002, 2.51897171e+002, 1., 2.35987686e+002,
       2.72757050e+002, 1., 3.31786621e+002, 2.69724243e+002, 1.,
       3.92298981e+002, 2.68509125e+002, 1., 2.48186905e+002,
       2.79254974e+002, 1., 2.41160156e+002, 2.82705017e+002, 1.,
       1.86007446e+002, 2.96687408e+002, 1., 2.26234268e+002,
       1.61996216e+002, 1., 3.66435608e+002, 1.58812927e+002, 1.,
       3.89926514e+002, 1.73664520e+002, 1., 4.60133820e+002,
       1.82322403e+002, 1., 4.76114929e+002, 1.84490295e+002, 1.,
       3.73029510e+002, 1.90240250e+002, 1., 3.46109131e+002,
       1.92107498e+002, 1., 3.46109131e+002, 1.92107498e+002, 1.,
       3.53937042e+002, 1.91370438e+002, 1., 3.53937042e+002,
       1.91370438e+002, 1., 3.62763641e+002, 1.91095947e+002, 1.,
       3.06136292e+002, 2.15016586e+002, 1., 3.24590698e+002,
       2.36063324e+002, 1., 3.24590698e+002, 2.36063324e+002, 1.,
       3.60024445e+002, 2.39275330e+002, 1., 2.28477478e+002,
       2.43679077e+002, 1., 4.08209595e+002, 3.02998138e+002, 1.,
       1.49833069e+002, 3.20352112e+002, 1., 2.19656494e+002,
       3.34450226e+002, 1., 1.36799423e+002, 4.11617889e+002, 1.,
       3.69681976e+002, 2.00472672e+002, 1., 4.85572205e+002,
       1.98440277e+002, 1., 2.13727707e+002, 2.26752960e+002, 1.,
       3.29651489e+002, 2.46218414e+002, 1., 3.00215912e+002,
       2.51149628e+002, 1., 1.74351563e+002, 4.24595673e+002, 1.,
       2.05240753e+002, 1.78747971e+002, 1., 3.68899933e+002,
       2.45584930e+002, 1., 3.27507904e+002, 2.80294617e+002, 1.,
       1.54670532e+002, 3.08182129e+002, 1., 1.50156342e+002,
       3.33505371e+002, 1., 1.50156342e+002, 3.33505371e+002, 1.,
       9.92533112e+001, 4.51370300e+002, 1., 3.36829132e+002,
       1.43810120e+002, 1., 4.23469452e+002, 1.79715668e+002, 1.,
       4.23523132e+002, 2.28151642e+002, 1., 4.23523132e+002,
       2.28151642e+002, 1., 3.15303040e+002, 1.85151276e+002, 1.,
       3.96026489e+002, 2.04930298e+002, 1., 3.24166351e+002,
       2.09588211e+002, 1., 3.64544434e+002, 2.66962708e+002, 1.,
       2.70874146e+002, 2.91057312e+002, 1. ]
ImagePoints: !!opencv-matrix
   rows: 238
   cols: 1
   dt: "3f"
   data: [ 2.22326309e+002, 1.31433365e+002, 1., 2.25455017e+002,
       1.31351547e+002, 1., 2.27172180e+002, 1.38734970e+002, 1.,
       2.11861603e+002, 1.39653015e+002, 1., 2.27036240e+002,
       1.43753998e+002, 1., 2.05727463e+002, 1.44720627e+002, 1.,
       2.24593063e+002, 1.46431442e+002, 1., 2.71782501e+002,
       1.46052338e+002, 1., 2.27011597e+002, 1.48401306e+002, 1.,
       3.76043671e+002, 1.46805679e+002, 1., 2.28665649e+002,
       1.60211227e+002, 1., 1.94519958e+002, 1.64982666e+002, 1.,
       2.23159515e+002, 1.78836838e+002, 1., 4.98419189e+002,
       1.89938171e+002, 1., 5.01484680e+002, 1.90902130e+002, 1.,
       4.92033112e+002, 1.96851578e+002, 1., 4.46188080e+002,
       2.00902145e+002, 1., 3.41206451e+002, 2.02761093e+002, 1.,
       3.15530579e+002, 2.03872269e+002, 1., 3.07454376e+002,
       2.08985291e+002, 1., 3.15851715e+002, 2.08787872e+002, 1.,
       4.64083801e+002, 2.06765381e+002, 1., 4.42156708e+002,
       2.11969986e+002, 1., 2.03447296e+002, 2.18766541e+002, 1.,
       4.90197723e+002, 2.19367889e+002, 1., 4.43993896e+002,
       2.27966934e+002, 1., 2.01221802e+002, 2.40676987e+002, 1.,
       4.40926666e+002, 2.37428955e+002, 1., 4.46982117e+002,
       2.38499390e+002, 1., 3.06273956e+002, 2.43386993e+002, 1.,
       2.45819778e+002, 2.48890228e+002, 1., 3.26110718e+002,
       2.56561371e+002, 1., 4.40457520e+002, 2.57141602e+002, 1.,
       1.76866638e+002, 2.80344482e+002, 1., 2.29991226e+002,
       2.80233002e+002, 1., 2.14522095e+002, 2.94060120e+002, 1.,
       2.98209900e+002, 2.99807861e+002, 1., 3.20432678e+002,
       2.98604248e+002, 1., 2.36468430e+002, 3.23019836e+002, 1.,
       2.02206772e+002, 3.28846497e+002, 1., 1.44874023e+002,
       3.32462097e+002, 1., 1.75693680e+002, 3.39790344e+002, 1.,
       1.86347931e+002, 3.43149384e+002, 1., 1.67044983e+002,
       3.52635101e+002, 1., 1.02575096e+002, 3.72870209e+002, 1.,
       1.46140778e+002, 3.72660553e+002, 1., 1.43566681e+002,
       3.83505646e+002, 1., 1.69916107e+002, 3.86975525e+002, 1.,
       6.63630142e+001, 3.92324799e+002, 1., 8.00203629e+001,
       4.18555603e+002, 1., 1.33622391e+002, 4.47322937e+002, 1.,
       3.56131714e+002, 1.30580582e+002, 1., 2.38493881e+002,
       1.44291183e+002, 1., 2.38493881e+002, 1.44291183e+002, 1.,
       3.45198883e+002, 1.42484970e+002, 1., 3.78561371e+002,
       1.43307663e+002, 1., 3.77143280e+002, 1.50184677e+002, 1.,
       1.94034378e+002, 1.53992828e+002, 1., 3.76233765e+002,
       1.53781387e+002, 1., 3.76233765e+002, 1.53781387e+002, 1.,
       3.78990967e+002, 1.56803314e+002, 1., 3.76707458e+002,
       1.63140182e+002, 1., 3.54635040e+002, 1.64937836e+002, 1.,
       3.64559998e+002, 1.64330933e+002, 1., 3.31667328e+002,
       1.69584152e+002, 1., 3.31667328e+002, 1.69584152e+002, 1.,
       2.18618042e+002, 1.74159592e+002, 1., 3.69680084e+002,
       1.76928024e+002, 1., 3.69680084e+002, 1.76928024e+002, 1.,
       1.99494614e+002, 1.96957397e+002, 1., 3.46614899e+002,
       1.83270065e+002, 1., 3.50372833e+002, 1.96586929e+002, 1.,
       3.50372833e+002, 1.96586929e+002, 1., 4.68080627e+002,
       1.98457001e+002, 1., 3.37175201e+002, 2.04328613e+002, 1.,
       3.55678650e+002, 2.04239288e+002, 1., 3.45839355e+002,
       2.04970383e+002, 1., 3.45839355e+002, 2.04970383e+002, 1.,
       4.53939850e+002, 2.06140656e+002, 1., 4.53939850e+002,
       2.06140656e+002, 1., 4.45852783e+002, 2.06578476e+002, 1.,
       4.51026886e+002, 2.08502106e+002, 1., 4.70565247e+002,
       2.13208786e+002, 1., 3.36978699e+002, 2.25815063e+002, 1.,
       2.04276611e+002, 2.31700607e+002, 1., 3.33581696e+002,
       2.30149689e+002, 1., 3.33342743e+002, 2.45479630e+002, 1.,
       3.65951202e+002, 2.57682922e+002, 1., 4.46222534e+002,
       2.56810364e+002, 1., 3.43909393e+002, 2.61543945e+002, 1.,
       3.61109283e+002, 2.60917053e+002, 1., 2.52359665e+002,
       2.64414856e+002, 1., 3.04571350e+002, 2.67401276e+002, 1.,
       4.66097961e+002, 2.63863831e+002, 1., 3.72464447e+002,
       2.88503876e+002, 1., 1.64826508e+002, 2.93660156e+002, 1.,
       3.69318848e+002, 2.90513092e+002, 1., 1.52601730e+002,
       2.95816559e+002, 1., 3.92388397e+002, 2.93989716e+002, 1.,
       3.83773193e+002, 2.94547852e+002, 1., 2.13163696e+002,
       3.19263031e+002, 1., 1.78996674e+002, 3.24990356e+002, 1.,
       1.93940460e+002, 3.47988617e+002, 1., 1.41460510e+002,
       3.55316254e+002, 1., 1.58193680e+002, 3.57142700e+002, 1.,
       1.81325424e+002, 3.66873871e+002, 1., 1.86614273e+002,
       3.70507690e+002, 1., 1.06998650e+002, 3.77993530e+002, 1.,
       9.73874969e+001, 3.78333496e+002, 1., 1.37798126e+002,
       3.77517426e+002, 1., 1.42293823e+002, 3.87671539e+002, 1.,
       6.32010345e+001, 3.92215973e+002, 1., 1.56794891e+002,
       3.91121033e+002, 1., 1.18684364e+002, 4.03267792e+002, 1.,
       7.45357819e+001, 4.10652222e+002, 1., 8.34943008e+001,
       4.21262054e+002, 1., 1.27993980e+002, 4.25384003e+002, 1.,
       1.29550858e+002, 4.31629425e+002, 1., 1.34176498e+002,
       4.41469879e+002, 1., 2.33171005e+002, 1.45351913e+002, 1.,
       3.63799286e+002, 1.44838226e+002, 1., 3.55811462e+002,
       1.45542664e+002, 1., 3.33391510e+002, 1.46819534e+002, 1.,
       3.33391510e+002, 1.46819534e+002, 1., 3.42095520e+002,
       1.46451233e+002, 1., 3.13357300e+002, 1.51405060e+002, 1.,
       3.13357300e+002, 1.51405060e+002, 1., 3.72282349e+002,
       1.56399628e+002, 1., 3.64324707e+002, 1.57447205e+002, 1.,
       3.33478210e+002, 1.58510605e+002, 1., 3.56409973e+002,
       1.58118073e+002, 1., 3.56409973e+002, 1.58118073e+002, 1.,
       3.49069366e+002, 1.58603882e+002, 1., 3.93490540e+002,
       1.57757248e+002, 1., 3.85409119e+002, 1.58692261e+002, 1.,
       3.85409119e+002, 1.58692261e+002, 1., 3.80044281e+002,
       1.60465118e+002, 1., 2.26849625e+002, 1.63880997e+002, 1.,
       3.35926483e+002, 1.62228149e+002, 1., 3.35926483e+002,
       1.62228149e+002, 1., 2.15728958e+002, 1.70652710e+002, 1.,
       3.51151947e+002, 1.77638062e+002, 1., 4.99891510e+002,
       1.85365158e+002, 1., 4.39813965e+002, 1.89499466e+002, 1.,
       4.98570923e+002, 2.05440079e+002, 1., 4.98570923e+002,
       2.05440079e+002, 1., 4.77455048e+002, 2.11809433e+002, 1.,
       4.01128632e+002, 2.29688782e+002, 1., 3.07167419e+002,
       2.39604736e+002, 1., 3.40272064e+002, 2.59670349e+002, 1.,
       1.36103088e+002, 3.03157867e+002, 1., 2.15456085e+002,
       3.10881470e+002, 1., 2.02791000e+002, 3.13242950e+002, 1.,
       1.71345840e+002, 3.23553345e+002, 1., 1.38783356e+002,
       3.45688171e+002, 1., 9.43415833e+001, 3.69528473e+002, 1.,
       1.13564835e+002, 3.88288086e+002, 1., 9.70078812e+001,
       4.01446869e+002, 1., 2.33171005e+002, 1.45351913e+002, 1.,
       3.66723907e+002, 1.50139587e+002, 1., 2.08858917e+002,
       1.54836746e+002, 1., 5.09829529e+002, 1.61406830e+002, 1.,
       3.64910980e+002, 1.69392105e+002, 1., 3.54560364e+002,
       1.70457535e+002, 1., 3.60027069e+002, 1.76451813e+002, 1.,
       4.55264069e+002, 1.94417374e+002, 1., 4.79026093e+002,
       2.00155075e+002, 1., 4.95123077e+002, 2.00557617e+002, 1.,
       4.89166199e+002, 2.03292984e+002, 1., 4.97165955e+002,
       2.24253769e+002, 1., 3.45373810e+002, 2.51071289e+002, 1.,
       4.44846222e+002, 2.61894836e+002, 1., 2.00183823e+002,
       2.90948212e+002, 1., 4.27113831e+002, 2.87953278e+002, 1.,
       1.36103088e+002, 3.03157867e+002, 1., 2.93718109e+002,
       3.02775970e+002, 1., 1.22107430e+002, 3.31712799e+002, 1.,
       1.08406357e+002, 3.66880890e+002, 1., 7.63417740e+001,
       3.99050964e+002, 1., 3.39691345e+002, 1.36678940e+002, 1.,
       3.44716187e+002, 1.47145508e+002, 1., 2.02281448e+002,
       1.55868118e+002, 1., 3.64910980e+002, 1.69392105e+002, 1.,
       4.51647430e+002, 1.82876648e+002, 1., 5.04250366e+002,
       2.00872330e+002, 1., 4.49608917e+002, 2.03790161e+002, 1.,
       2.74838867e+002, 2.13423782e+002, 1., 4.58619720e+002,
       2.10802338e+002, 1., 3.32836212e+002, 2.37275269e+002, 1.,
       2.20184891e+002, 2.42882446e+002, 1., 2.28242722e+002,
       2.64076721e+002, 1., 3.24747955e+002, 2.61888092e+002, 1.,
       3.85892975e+002, 2.61111511e+002, 1., 2.40190262e+002,
       2.70615692e+002, 1., 2.32882278e+002, 2.73950958e+002, 1.,
       1.77159714e+002, 2.87393188e+002, 1., 2.20079071e+002,
       1.52651550e+002, 1., 3.58925903e+002, 1.50530121e+002, 1.,
       3.81929596e+002, 1.65455505e+002, 1., 4.53939819e+002,
       1.74927917e+002, 1., 4.69842834e+002, 1.77270996e+002, 1.,
       3.65603546e+002, 1.82254730e+002, 1., 3.38377228e+002,
       1.83928757e+002, 1., 3.38377228e+002, 1.83928757e+002, 1.,
       3.46614899e+002, 1.83270065e+002, 1., 3.46614899e+002,
       1.83270065e+002, 1., 3.55055267e+002, 1.83089355e+002, 1.,
       2.98540771e+002, 2.06627625e+002, 1., 3.17120636e+002,
       2.27996750e+002, 1., 3.17120636e+002, 2.27996750e+002, 1.,
       3.53018311e+002, 2.31513153e+002, 1., 2.23095612e+002,
       2.35003952e+002, 1., 4.01695313e+002, 2.96056122e+002, 1.,
       1.40140579e+002, 3.10208923e+002, 1., 2.07274094e+002,
       3.25589966e+002, 1., 1.21024361e+002, 4.01067200e+002, 1.,
       3.62587189e+002, 1.92585739e+002, 1., 4.79150208e+002,
       1.91403244e+002, 1., 2.07859695e+002, 2.17704971e+002, 1.,
       3.22279266e+002, 2.38241104e+002, 1., 2.92839874e+002,
       2.42766434e+002, 1., 1.58050446e+002, 4.14658264e+002, 1.,
       1.98741898e+002, 1.69226700e+002, 1., 3.62042419e+002,
       2.37869141e+002, 1., 3.20390656e+002, 2.72375854e+002, 1.,
       1.45424805e+002, 2.98323761e+002, 1., 1.38411224e+002,
       3.23598175e+002, 1., 1.38411224e+002, 3.23598175e+002, 1.,
       8.47833328e+001, 4.39880463e+002, 1., 3.28944183e+002,
       1.35109238e+002, 1., 4.16921417e+002, 1.72069794e+002, 1.,
       4.17165649e+002, 2.20855255e+002, 1., 4.17165649e+002,
       2.20855255e+002, 1., 3.07642456e+002, 1.76689148e+002, 1.,
       3.89118713e+002, 1.97227554e+002, 1., 3.16468964e+002,
       2.01352646e+002, 1., 3.57548370e+002, 2.59352539e+002, 1.,
       2.63243866e+002, 2.82290558e+002, 1. ]
