2.58104340e+002, 1.38060776e+002, 1., 2.61176392e+002,
       1.38042435e+002, 1., 2.62465027e+002, 1.45358322e+002, 1.,
       2.47657227e+002, 1.46495667e+002, 1., 2.62115082e+002,
       1.50711075e+002, 1., 2.41547806e+002, 1.51629639e+002, 1.,
       2.59654022e+002, 1.53274033e+002, 1., 3.17022064e+002,
       1.52852905e+002, 1., 2.61882324e+002, 1.55265640e+002, 1.,
       4.22112549e+002, 1.53292786e+002, 1., 2.62907867e+002,
       1.67244476e+002, 1., 2.29793533e+002, 1.72324448e+002, 1.,
       2.56882263e+002, 1.86187805e+002, 1., 5.43016418e+002,
       1.95578415e+002, 1., 5.46070190e+002, 1.96206604e+002, 1.,
       5.36203613e+002, 2.02453766e+002, 1., 4.87968506e+002,
       2.06825668e+002, 1., 3.84602539e+002, 2.09631027e+002, 1.,
       3.58894562e+002, 2.10907425e+002, 1., 3.50551270e+002,
       2.16161026e+002, 1., 3.58905487e+002, 2.15837997e+002, 1.,
       5.06612396e+002, 2.12494293e+002, 1., 4.83089172e+002,
       2.17892609e+002, 1., 2.36070786e+002, 2.27197968e+002, 1.,
       5.33359985e+002, 2.24826950e+002, 1., 4.84124603e+002,
       2.33902267e+002, 1., 2.32768021e+002, 2.49382339e+002, 1.,
       4.80512360e+002, 2.43368988e+002, 1., 4.86812103e+002,
       2.44202316e+002, 1., 3.47334229e+002, 2.50981033e+002, 1.,
       2.81344330e+002, 2.57441620e+002, 1., 3.66088501e+002,
       2.64141266e+002, 1., 4.78914124e+002, 2.62636383e+002, 1.,
       2.19617813e+002, 2.90716888e+002, 1., 2.75878693e+002,
       2.89675385e+002, 1., 2.63467194e+002, 3.04063843e+002, 1.,
       3.35476776e+002, 3.07809448e+002, 1., 3.74132416e+002,
       3.05823669e+002, 1., 2.91486328e+002, 3.32886658e+002, 1.,
       2.60608704e+002, 3.40229523e+002, 1., 2.01594574e+002,
       3.44526520e+002, 1., 2.36070190e+002, 3.51829224e+002, 1.,
       2.47167175e+002, 3.55074249e+002, 1., 2.29449265e+002,
       3.65064453e+002, 1., 1.66361282e+002, 3.88435913e+002, 1.,
       2.12990845e+002, 3.86643066e+002, 1., 2.13584549e+002,
       3.98231232e+002, 1., 2.42064880e+002, 4.00920288e+002, 1.,
       1.32328659e+002, 4.10329590e+002, 1., 1.47677536e+002,
       4.37313782e+002, 1., 2.02918365e+002, 4.65091278e+002, 1.,
       4.03836090e+002, 1.37221573e+002, 1., 2.73137451e+002,
       1.51050919e+002, 1., 2.73137451e+002, 1.51050919e+002, 1.,
       3.92137085e+002, 1.49106628e+002, 1., 4.24789764e+002,
       1.49808807e+002, 1., 4.22940430e+002, 1.56713806e+002, 1.,
       2.29903076e+002, 1.61281830e+002, 1., 4.21973328e+002,
       1.60332657e+002, 1., 4.21973328e+002, 1.60332657e+002, 1.,
       4.24336731e+002, 1.63301880e+002, 1., 4.21785248e+002,
       1.69662903e+002, 1., 4.00099854e+002, 1.71597855e+002, 1.,
       4.09839569e+002, 1.70945251e+002, 1., 3.77020996e+002,
       1.76236328e+002, 1., 3.77020996e+002, 1.76236328e+002, 1.,
       2.52804581e+002, 1.81489334e+002, 1., 4.14208435e+002,
       1.83544647e+002, 1., 4.14208435e+002, 1.83544647e+002, 1.,
       2.32476761e+002, 2.05071991e+002, 1., 3.91138031e+002,
       1.90085068e+002, 1., 3.94236694e+002, 2.03447815e+002, 1.,
       3.94236694e+002, 2.03447815e+002, 1., 5.11063080e+002,
       2.04545975e+002, 1., 3.80490448e+002, 2.11248596e+002, 1.,
       3.98805450e+002, 2.11134781e+002, 1., 3.89045227e+002,
       2.12014771e+002, 1., 3.89045227e+002, 2.12014771e+002, 1.,
       4.96010345e+002, 2.11915192e+002, 1., 4.96010345e+002,
       2.11915192e+002, 1., 4.87030182e+002, 2.12676712e+002, 1.,
       4.92526001e+002, 2.14293518e+002, 1., 5.13024048e+002,
       2.18865036e+002, 1., 3.78942871e+002, 2.32830338e+002, 1.,
       2.36210968e+002, 2.40228973e+002, 1., 3.75381683e+002,
       2.37309097e+002, 1., 3.74156342e+002, 2.52720535e+002, 1.,
       4.05667877e+002, 2.64383728e+002, 1., 4.85210724e+002,
       2.62185455e+002, 1., 3.83893951e+002, 2.68481262e+002, 1.,
       4.00837006e+002, 2.67715790e+002, 1., 2.92768097e+002,
       2.72991089e+002, 1., 3.44016235e+002, 2.75159302e+002, 1.,
       5.05248291e+002, 2.69089630e+002, 1., 4.10343262e+002,
       2.95151093e+002, 1., 2.10630341e+002, 3.04538940e+002, 1.,
       4.06901733e+002, 2.97189362e+002, 1., 1.97930359e+002,
       3.06848511e+002, 1., 4.29697632e+002, 3.00333252e+002, 1.,
       4.20941559e+002, 3.01106720e+002, 1., 2.69466461e+002,
       3.29926422e+002, 1., 2.35124969e+002, 3.36582489e+002, 1.,
       2.56339294e+002, 3.59978729e+002, 1., 2.02834335e+002,
       3.69126434e+002, 1., 2.21437164e+002, 3.70011688e+002, 1.,
       2.48211899e+002, 3.79617493e+002, 1., 2.54859177e+002,
       3.83394714e+002, 1., 1.72680374e+002, 3.93914124e+002, 1.,
       1.62172668e+002, 3.94226868e+002, 1., 2.05940659e+002,
       3.91795166e+002, 1., 2.12829666e+002, 4.02405609e+002, 1.,
       1.28527252e+002, 4.10394318e+002, 1., 2.29291306e+002,
       4.05416687e+002, 1., 1.91194473e+002, 4.19841858e+002, 1.,
       1.41894135e+002, 4.29579315e+002, 1., 1.51119980e+002,
       4.40123230e+002, 1., 1.99690582e+002, 4.42452240e+002, 1.,
       2.00821960e+002, 4.49026337e+002, 1., 2.04420639e+002,
       4.59060303e+002, 1., 2.68089905e+002, 1.52173080e+002, 1.,
       4.10368103e+002, 1.51363983e+002, 1., 4.02396301e+002,
       1.52112183e+002, 1., 3.71844055e+002, 1.53767822e+002, 1.,
       3.80030426e+002, 1.53461197e+002, 1., 3.88665253e+002,
       1.53014099e+002, 1., 3.59717010e+002, 1.58175110e+002, 1.,
       3.59717010e+002, 1.58175110e+002, 1., 4.18060913e+002,
       1.62978012e+002, 1., 4.10175507e+002, 1.64114609e+002, 1.,
       3.79391998e+002, 1.65347397e+002, 1., 4.02290466e+002,
       1.64743027e+002, 1., 4.02290466e+002, 1.64743027e+002, 1.,
       3.94967926e+002, 1.65312347e+002, 1., 4.38293060e+002,
       1.64152267e+002, 1., 4.30501831e+002, 1.65220108e+002, 1.,
       4.30501831e+002, 1.65220108e+002, 1., 4.24957886e+002,
       1.66971710e+002, 1., 2.63878265e+002, 1.70800323e+002, 1.,
       3.81646576e+002, 1.68984436e+002, 1., 3.81646576e+002,
       1.68984436e+002, 1., 2.50077499e+002, 1.77918976e+002, 1.,
       3.95908905e+002, 1.84386063e+002, 1., 5.44725769e+002,
       1.90715591e+002, 1., 4.81587463e+002, 1.95508896e+002, 1.,
       5.42444580e+002, 2.11016190e+002, 1., 5.42444580e+002,
       2.11016190e+002, 1., 5.20216492e+002, 2.17264252e+002, 1.,
       4.41790955e+002, 2.35687195e+002, 1., 3.48426300e+002,
       2.47089203e+002, 1., 3.80290375e+002, 2.66777893e+002, 1.,
       1.82083298e+002, 3.14847870e+002, 1., 2.69418121e+002,
       3.21286774e+002, 1., 2.57002930e+002, 3.23994812e+002, 1.,
       2.26663086e+002, 3.35239075e+002, 1., 1.98558685e+002,
       3.59077026e+002, 1., 1.56358063e+002, 3.85617462e+002, 1.,
       1.82614151e+002, 4.04127167e+002, 1., 1.67597839e+002,
       4.18793518e+002, 1., 2.68089905e+002, 1.52173080e+002, 1.,
       4.12918121e+002, 1.56825638e+002, 1., 2.43989014e+002,
       1.62111801e+002, 1., 5.51495117e+002, 1.67764130e+002, 1.,
       4.10043243e+002, 1.76174011e+002, 1., 3.99702423e+002,
       1.77185806e+002, 1., 4.04762817e+002, 1.83021500e+002, 1.,
       4.97907227e+002, 2.00393463e+002, 1., 5.22604736e+002,
       2.05858170e+002, 1., 5.39000671e+002, 2.06123383e+002, 1.,
       5.32775574e+002, 2.08856049e+002, 1., 5.40158936e+002,
       2.29662781e+002, 1., 3.85413025e+002, 2.58043060e+002, 1.,
       4.83136261e+002, 2.67411896e+002, 1., 2.47628418e+002,
       3.00902954e+002, 1., 4.63172516e+002, 2.93665314e+002, 1.,
       1.82083298e+002, 3.14847870e+002, 1., 3.30830627e+002,
       3.10836243e+002, 1., 1.75969345e+002, 3.44802673e+002, 1.,
       1.70934769e+002, 3.82123535e+002, 1., 1.44867142e+002,
       4.17061493e+002, 1., 3.86927124e+002, 1.43388718e+002, 1.,
       3.91307281e+002, 1.53812546e+002, 1., 2.38044144e+002,
       1.62963470e+002, 1., 4.10377991e+002, 1.77249329e+002, 1.,
       4.94670380e+002, 1.88829056e+002, 1., 5.49060913e+002,
       2.06864578e+002, 1., 4.91360901e+002, 2.09561752e+002, 1.,
       3.15951294e+002, 2.20452072e+002, 1., 5.00810913e+002,
       2.16744034e+002, 1., 3.74150574e+002, 2.44393021e+002, 1.,
       2.51268463e+002, 2.51472839e+002, 1., 2.68164398e+002,
       2.72597290e+002, 1., 3.64563232e+002, 2.69267059e+002, 1.,
       4.25095520e+002, 2.67562256e+002, 1., 2.81804932e+002,
       2.79074554e+002, 1., 2.75434235e+002, 2.82848511e+002, 1.,
       2.21846329e+002, 2.97189758e+002, 1., 2.55077667e+002,
       1.59601135e+002, 1., 4.05222992e+002, 1.57253922e+002, 1.,
       4.27809387e+002, 1.72265594e+002, 1., 4.97392975e+002,
       1.81097214e+002, 1., 5.13889709e+002, 1.84125427e+002, 1.,
       4.10297302e+002, 1.88903854e+002, 1., 3.83245667e+002,
       1.90764877e+002, 1., 3.83245667e+002, 1.90764877e+002, 1.,
       3.91138031e+002, 1.90085068e+002, 1., 3.91138031e+002,
       1.90085068e+002, 1., 3.99826324e+002, 1.89757294e+002, 1.,
       3.41466187e+002, 2.13994827e+002, 1., 3.59134491e+002,
       2.35301300e+002, 1., 3.59134491e+002, 2.35301300e+002, 1.,
       3.94457275e+002, 2.38463867e+002, 1., 2.54240646e+002,
       2.43302048e+002, 1., 4.38797577e+002, 3.02311737e+002, 1.,
       1.89018677e+002, 3.22308258e+002, 1., 2.65077301e+002,
       3.36221893e+002, 1., 1.94155609e+002, 4.17224915e+002, 1.,
       4.06028137e+002, 1.99337646e+002, 1., 5.23066345e+002,
       1.97026352e+002, 1., 2.40358673e+002, 2.25859100e+002, 1.,
       3.63848419e+002, 2.45590546e+002, 1., 3.33653809e+002,
       2.50734787e+002, 1., 2.32399231e+002, 4.29776031e+002, 1.,
       2.33662323e+002, 1.76369537e+002, 1., 4.03102753e+002,
       2.44828644e+002, 1., 3.59710938e+002, 2.80047668e+002, 1.,
       1.90339417e+002, 3.09673401e+002, 1., 1.93045441e+002,
       3.35220032e+002, 1., 1.93045441e+002, 3.35220032e+002, 1.,
       1.49834641e+002, 4.59686127e+002, 1., 3.76126190e+002,
       1.41743729e+002, 1., 4.59971680e+002, 1.78737411e+002, 1.,
       4.57666351e+002, 2.27335526e+002, 1., 4.57666351e+002,
       2.27335526e+002, 1., 3.52244690e+002, 1.83444336e+002, 1.,
       4.32040588e+002, 2.03985840e+002, 1., 3.60383362e+002,
       2.08568512e+002, 1., 3.98176453e+002, 2.66585693e+002, 1.,
       3.04238525e+002, 2.92925720e+002, 1.