2.57200165e+002, 1.37475616e+002, 1., 2.60337402e+002,
       1.37321960e+002, 1., 2.61560059e+002, 1.44783325e+002, 1.,
       2.46807770e+002, 1.45683212e+002, 1., 2.61289642e+002,
       1.49703781e+002, 1., 2.40722168e+002, 1.50804565e+002, 1.,
       2.58752045e+002, 1.52534317e+002, 1., 3.13428925e+002,
       1.51885895e+002, 1., 2.61040771e+002, 1.54415283e+002, 1.,
       4.17651855e+002, 1.52731262e+002, 1., 2.61978333e+002,
       1.66050781e+002, 1., 2.29106979e+002, 1.71116730e+002, 1.,
       2.56109253e+002, 1.84961533e+002, 1., 5.38251160e+002,
       1.95447098e+002, 1., 5.41304382e+002, 1.96191589e+002, 1.,
       5.31437988e+002, 2.02015411e+002, 1., 4.83920044e+002,
       2.06270065e+002, 1., 3.80577545e+002, 2.08360718e+002, 1.,
       3.55059509e+002, 2.09636978e+002, 1., 3.46861542e+002,
       2.14789337e+002, 1., 3.55101563e+002, 2.14469437e+002, 1.,
       5.02299805e+002, 2.12041199e+002, 1., 4.79176788e+002,
       2.17311920e+002, 1., 2.35524948e+002, 2.25271271e+002, 1.,
       5.28756226e+002, 2.24311401e+002, 1., 4.80368927e+002,
       2.33015854e+002, 1., 2.32414398e+002, 2.47189667e+002, 1.,
       4.76804199e+002, 2.42597977e+002, 1., 4.83001129e+002,
       2.43290207e+002, 1., 3.43913116e+002, 2.49219727e+002, 1.,
       2.79764252e+002, 2.55164154e+002, 1., 3.62714630e+002,
       2.62446777e+002, 1., 4.75373474e+002, 2.62021545e+002, 1.,
       2.16720612e+002, 2.87421204e+002, 1., 2.71672119e+002,
       2.86719299e+002, 1., 2.58932495e+002, 3.00552124e+002, 1.,
       3.32628082e+002, 3.05886749e+002, 1., 3.71092987e+002,
       3.04216553e+002, 1., 2.85554718e+002, 3.29241028e+002, 1.,
       2.53725891e+002, 3.35801514e+002, 1., 1.95827545e+002,
       3.39702026e+002, 1., 2.29039658e+002, 3.46933807e+002, 1.,
       2.39991867e+002, 3.50159607e+002, 1., 2.22139191e+002,
       3.59650696e+002, 1., 1.59449738e+002, 3.81690369e+002, 1.,
       2.04791656e+002, 3.80409607e+002, 1., 2.04622086e+002,
       3.91647461e+002, 1., 2.32430359e+002, 3.94502106e+002, 1.,
       1.25289970e+002, 4.02361938e+002, 1., 1.39840652e+002,
       4.29002655e+002, 1., 1.93722061e+002, 4.57107239e+002, 1.,
       3.98894989e+002, 1.36400650e+002, 1., 2.72163116e+002,
       1.50371643e+002, 1., 2.72163116e+002, 1.50371643e+002, 1.,
       3.87594177e+002, 1.48456345e+002, 1., 4.20188843e+002,
       1.49232681e+002, 1., 4.18511810e+002, 1.56110641e+002, 1.,
       2.29077194e+002, 1.60119858e+002, 1., 4.17503540e+002,
       1.59668884e+002, 1., 4.17503540e+002, 1.59668884e+002, 1.,
       4.19872070e+002, 1.62663574e+002, 1., 4.17408875e+002,
       1.68952377e+002, 1., 3.95755615e+002, 1.70746429e+002, 1.,
       4.05517487e+002, 1.70136414e+002, 1., 3.72816803e+002,
       1.75330948e+002, 1., 3.72816803e+002, 1.75330948e+002, 1.,
       2.52321869e+002, 1.80311401e+002, 1., 4.10029327e+002,
       1.82714081e+002, 1., 4.10029327e+002, 1.82714081e+002, 1.,
       2.33060501e+002, 2.03039551e+002, 1., 3.87103424e+002,
       1.89095016e+002, 1., 3.90099579e+002, 2.02347977e+002, 1.,
       3.90099579e+002, 2.02347977e+002, 1., 5.06688904e+002,
       2.03500351e+002, 1., 3.76587677e+002, 2.09924789e+002, 1.,
       3.94741821e+002, 2.09975388e+002, 1., 3.85122894e+002,
       2.10862732e+002, 1., 3.85122894e+002, 2.10862732e+002, 1.,
       4.91824677e+002, 2.11383102e+002, 1., 4.91824677e+002,
       2.11383102e+002, 1., 4.82875214e+002, 2.12213577e+002, 1.,
       4.88330139e+002, 2.13689850e+002, 1., 5.08742432e+002,
       2.18393066e+002, 1., 3.75348816e+002, 2.31493713e+002, 1.,
       2.35705917e+002, 2.38218750e+002, 1., 3.71674316e+002,
       2.35795624e+002, 1., 3.70667084e+002, 2.51265289e+002, 1.,
       4.02042206e+002, 2.63070740e+002, 1., 4.81557068e+002,
       2.61500488e+002, 1., 3.80395172e+002, 2.66931885e+002, 1.,
       3.97166656e+002, 2.66386169e+002, 1., 2.89486542e+002,
       2.70416016e+002, 1., 3.40847290e+002, 2.73214264e+002, 1.,
       5.01740448e+002, 2.68500305e+002, 1., 4.07018494e+002,
       2.93842377e+002, 1., 2.07383316e+002, 3.00748444e+002, 1.,
       4.03515167e+002, 2.95792053e+002, 1., 1.94909637e+002,
       3.02954620e+002, 1., 4.26263245e+002, 2.99136414e+002, 1.,
       4.17606415e+002, 2.99815063e+002, 1., 2.63282318e+002,
       3.25934875e+002, 1., 2.29160385e+002, 3.32315125e+002, 1.,
       2.48607300e+002, 3.55006104e+002, 1., 1.96157806e+002,
       3.63298340e+002, 1., 2.13962006e+002, 3.64393341e+002, 1.,
       2.39289246e+002, 3.73927338e+002, 1., 2.45594925e+002,
       3.77519318e+002, 1., 1.65463318e+002, 3.86956177e+002, 1.,
       1.55110931e+002, 3.87224762e+002, 1., 1.97709747e+002,
       3.85354858e+002, 1., 2.03966675e+002, 3.95654968e+002, 1.,
       1.21770035e+002, 4.02394562e+002, 1., 2.19661606e+002,
       3.98676544e+002, 1., 1.81708923e+002, 4.12319000e+002, 1.,
       1.34322556e+002, 4.21209351e+002, 1., 1.43053925e+002,
       4.31694244e+002, 1., 1.90336212e+002, 4.34531067e+002, 1.,
       1.91363907e+002, 4.41062164e+002, 1., 1.95104874e+002,
       4.51147797e+002, 1., 2.67179535e+002, 1.51352966e+002, 1.,
       4.05809784e+002, 1.50735840e+002, 1., 3.97853638e+002,
       1.51475327e+002, 1., 3.67581451e+002, 1.53023804e+002, 1.,
       3.75665741e+002, 1.52698013e+002, 1., 3.84204254e+002,
       1.52352173e+002, 1., 3.55539215e+002, 1.57265076e+002, 1.,
       3.55539215e+002, 1.57265076e+002, 1., 4.13596649e+002,
       1.62259399e+002, 1., 4.05715302e+002, 1.63319504e+002, 1.,
       3.75074921e+002, 1.64456741e+002, 1., 3.97851593e+002,
       1.63937637e+002, 1., 3.97851593e+002, 1.63937637e+002, 1.,
       3.90569214e+002, 1.64476273e+002, 1., 4.33926910e+002,
       1.63537964e+002, 1., 4.26044525e+002, 1.64576981e+002, 1.,
       4.26044525e+002, 1.64576981e+002, 1., 4.20704468e+002,
       1.66311920e+002, 1., 2.64164307e+002, 1.69566528e+002, 1.,
       3.77326691e+002, 1.68074188e+002, 1., 3.77326691e+002,
       1.68074188e+002, 1., 2.49285690e+002, 1.76706528e+002, 1.,
       3.91682922e+002, 1.83434525e+002, 1., 5.40001404e+002,
       1.90241089e+002, 1., 4.77568695e+002, 1.94934326e+002, 1.,
       5.37918457e+002, 2.10631378e+002, 1., 5.37918457e+002,
       2.10631378e+002, 1., 5.15743286e+002, 2.16770950e+002, 1.,
       4.37864746e+002, 2.35068726e+002, 1., 3.44687775e+002,
       2.45409576e+002, 1., 3.76931458e+002, 2.65146027e+002, 1.,
       1.79318283e+002, 3.10348846e+002, 1., 2.63606293e+002,
       3.17379364e+002, 1., 2.51371796e+002, 3.20050140e+002, 1.,
       2.21059433e+002, 3.30750244e+002, 1., 1.92043091e+002,
       3.53488800e+002, 1., 1.49619949e+002, 3.78811584e+002, 1.,
       1.74281830e+002, 3.96967621e+002, 1., 1.58984329e+002,
       4.10959869e+002, 1., 2.67179535e+002, 1.51352966e+002, 1.,
       4.08440796e+002, 1.56099823e+002, 1., 2.43249954e+002,
       1.61092728e+002, 1., 5.47413025e+002, 1.67359146e+002, 1.,
       4.05664795e+002, 1.75286530e+002, 1., 3.95430450e+002,
       1.76186447e+002, 1., 4.00475037e+002, 1.82124542e+002, 1.,
       4.93711975e+002, 1.99893356e+002, 1., 5.17982422e+002,
       2.05380447e+002, 1., 5.34448547e+002, 2.05632675e+002, 1.,
       5.28195740e+002, 2.08469498e+002, 1., 5.35573120e+002,
       2.29158600e+002, 1., 3.82350220e+002, 2.56683105e+002, 1.,
       4.79567596e+002, 2.66728180e+002, 1., 2.43753784e+002,
       2.97514618e+002, 1., 4.60211395e+002, 2.92771240e+002, 1.,
       1.79318283e+002, 3.10348846e+002, 1., 3.28356018e+002,
       3.08949524e+002, 1., 1.71194351e+002, 3.39535187e+002, 1.,
       1.64075363e+002, 3.75552704e+002, 1., 1.37012115e+002,
       4.08960510e+002, 1., 3.82297913e+002, 1.42793152e+002, 1.,
       3.86875366e+002, 1.53163147e+002, 1., 2.37287216e+002,
       1.61937805e+002, 1., 4.06156067e+002, 1.76771912e+002, 1.,
       4.90206360e+002, 1.88307343e+002, 1., 5.43865479e+002,
       2.06098404e+002, 1., 4.87339783e+002, 2.08973297e+002, 1.,
       3.13168518e+002, 2.19004395e+002, 1., 4.96527374e+002,
       2.15965637e+002, 1., 3.70642487e+002, 2.43055328e+002, 1.,
       2.50460846e+002, 2.49365402e+002, 1., 2.65543579e+002,
       2.70254639e+002, 1., 3.61361267e+002, 2.67639557e+002, 1.,
       4.21865295e+002, 2.66208893e+002, 1., 2.78673248e+002,
       2.76549622e+002, 1., 2.72046600e+002, 2.80182770e+002, 1.,
       2.18280579e+002, 2.93855042e+002, 1., 2.54292160e+002,
       1.58659897e+002, 1., 4.00690369e+002, 1.56497818e+002, 1.,
       4.23213379e+002, 1.71410919e+002, 1., 4.92942932e+002,
       1.80576340e+002, 1., 5.09296875e+002, 1.82962143e+002, 1.,
       4.05819702e+002, 1.88035965e+002, 1., 3.78777161e+002,
       1.89735550e+002, 1., 3.78777161e+002, 1.89735550e+002, 1.,
       3.87103424e+002, 1.89095016e+002, 1., 3.87103424e+002,
       1.89095016e+002, 1., 3.95561432e+002, 1.88845718e+002, 1.,
       3.37881287e+002, 2.12545731e+002, 1., 3.55416718e+002,
       2.33814606e+002, 1., 3.55416718e+002, 2.33814606e+002, 1.,
       3.90760925e+002, 2.37118378e+002, 1., 2.53535446e+002,
       2.41366180e+002, 1., 4.35342529e+002, 3.01145447e+002, 1.,
       1.85178741e+002, 3.17816223e+002, 1., 2.58586578e+002,
       3.32003021e+002, 1., 1.84484238e+002, 4.09832367e+002, 1.,
       4.02067291e+002, 1.98392120e+002, 1., 5.18493713e+002,
       1.96704239e+002, 1., 2.39795547e+002, 2.23893372e+002, 1.,
       3.60395630e+002, 2.44199677e+002, 1., 3.30473694e+002,
       2.48677704e+002, 1., 2.22173203e+002, 4.22730957e+002, 1.,
       2.33337280e+002, 1.75072113e+002, 1., 3.99293091e+002,
       2.43485138e+002, 1., 3.56493500e+002, 2.78227081e+002, 1.,
       1.87381607e+002, 3.05611664e+002, 1., 1.88083633e+002,
       3.30607513e+002, 1., 1.88083633e+002, 3.30607513e+002, 1.,
       1.42264893e+002, 4.50981232e+002, 1., 3.71666840e+002,
       1.41072006e+002, 1., 4.55817291e+002, 1.77694794e+002, 1.,
       4.53826935e+002, 2.26426102e+002, 1., 4.53826935e+002,
       2.26426102e+002, 1., 3.48458008e+002, 1.82209381e+002, 1.,
       4.27902527e+002, 2.03089752e+002, 1., 3.56227966e+002,
       2.07247406e+002, 1., 3.93520020e+002, 2.64815094e+002, 1.,
       3.00923584e+002, 2.89665955e+002, 1.