2.50387497e+002, 1.43620773e+002, 1., 2.53556717e+002,
       1.43517914e+002, 1., 2.54776321e+002, 1.51022888e+002, 1.,
       2.40072388e+002, 1.51623276e+002, 1., 2.54489685e+002,
       1.55712646e+002, 1., 2.33862579e+002, 1.56804352e+002, 1.,
       2.51929276e+002, 1.58433990e+002, 1., 3.04157318e+002,
       1.58638977e+002, 1., 2.54178314e+002, 1.60425781e+002, 1.,
       4.07668396e+002, 1.60523666e+002, 1., 2.55340164e+002,
       1.72006577e+002, 1., 2.22204483e+002, 1.76564850e+002, 1.,
       2.49147903e+002, 1.90565887e+002, 1., 5.27923523e+002,
       2.03825165e+002, 1., 5.30879761e+002, 2.04834351e+002, 1.,
       5.21133545e+002, 2.10499496e+002, 1., 4.74211121e+002,
       2.13811279e+002, 1., 3.71073975e+002, 2.15382858e+002, 1.,
       3.45717010e+002, 2.16119476e+002, 1., 3.37549744e+002,
       2.20939972e+002, 1., 3.45702850e+002, 2.20915344e+002, 1.,
       4.92298645e+002, 2.20307495e+002, 1., 4.69645782e+002,
       2.25012299e+002, 1., 2.28702194e+002, 2.30238220e+002, 1.,
       5.18510681e+002, 2.32596878e+002, 1., 4.71137329e+002,
       2.40452972e+002, 1., 2.25721481e+002, 2.51597122e+002, 1.,
       4.67449402e+002, 2.50045776e+002, 1., 4.73879028e+002,
       2.50944122e+002, 1., 3.34865417e+002, 2.55171356e+002, 1.,
       2.71977173e+002, 2.60057220e+002, 1., 3.53987427e+002,
       2.68129700e+002, 1., 4.66220642e+002, 2.69293518e+002, 1.,
       2.07470673e+002, 2.91385681e+002, 1., 2.61110138e+002,
       2.91362213e+002, 1., 2.48104050e+002, 3.04971893e+002, 1.,
       3.23981201e+002, 3.11055969e+002, 1., 3.62088165e+002,
       3.09949310e+002, 1., 2.73104919e+002, 3.33894897e+002, 1.,
       2.40774292e+002, 3.39886627e+002, 1., 1.83618866e+002,
       3.42973846e+002, 1., 2.15743530e+002, 3.50723328e+002, 1.,
       2.26458847e+002, 3.54126038e+002, 1., 2.08160492e+002,
       3.63165955e+002, 1., 1.45161972e+002, 3.84102295e+002, 1.,
       1.89788071e+002, 3.83441345e+002, 1., 1.88876099e+002,
       3.94516418e+002, 1., 2.16047470e+002, 3.98060822e+002, 1.,
       1.10639717e+002, 4.03837585e+002, 1., 1.24780663e+002,
       4.30398285e+002, 1., 1.77989197e+002, 4.59098328e+002, 1.,
       3.88842804e+002, 1.44006348e+002, 1., 2.65461609e+002,
       1.56356110e+002, 1., 2.65461609e+002, 1.56356110e+002, 1.,
       3.77535065e+002, 1.55775665e+002, 1., 4.10176483e+002,
       1.57028992e+002, 1., 4.08528473e+002, 1.63802032e+002, 1.,
       2.22228165e+002, 1.65663773e+002, 1., 4.07516815e+002,
       1.67294189e+002, 1., 4.07516815e+002, 1.67294189e+002, 1.,
       4.09937042e+002, 1.70264206e+002, 1., 4.07524750e+002,
       1.76479019e+002, 1., 3.85927612e+002, 1.78097305e+002, 1.,
       3.95556122e+002, 1.77547562e+002, 1., 3.63111755e+002,
       1.82585999e+002, 1., 3.63111755e+002, 1.82585999e+002, 1.,
       2.45474060e+002, 1.85748596e+002, 1., 4.00229309e+002,
       1.90014114e+002, 1., 4.00229309e+002, 1.90014114e+002, 1.,
       2.25112030e+002, 2.08354843e+002, 1., 3.77133118e+002,
       1.96033539e+002, 1., 3.80567078e+002, 2.09207336e+002, 1.,
       3.80567078e+002, 2.09207336e+002, 1., 4.96709930e+002,
       2.12351791e+002, 1., 3.67106506e+002, 2.16626450e+002, 1.,
       3.85224396e+002, 2.16592407e+002, 1., 3.75464905e+002,
       2.17331940e+002, 1., 3.75464905e+002, 2.17331940e+002, 1.,
       4.81971710e+002, 2.19189590e+002, 1., 4.81971710e+002,
       2.19189590e+002, 1., 4.73270233e+002, 2.19849869e+002, 1.,
       4.78707489e+002, 2.21773163e+002, 1., 4.98802460e+002,
       2.26691879e+002, 1., 3.66227020e+002, 2.37869949e+002, 1.,
       2.28866714e+002, 2.42773819e+002, 1., 3.62218903e+002,
       2.42154236e+002, 1., 3.61585358e+002, 2.57356750e+002, 1.,
       3.92818909e+002, 2.69599945e+002, 1., 4.72387726e+002,
       2.68824829e+002, 1., 3.71031708e+002, 2.73456970e+002, 1.,
       3.87988495e+002, 2.72636353e+002, 1., 2.80775543e+002,
       2.75390411e+002, 1., 3.31874115e+002, 2.78904419e+002, 1.,
       4.92341095e+002, 2.76192261e+002, 1., 3.98473419e+002,
       2.99898529e+002, 1., 1.97322052e+002, 3.04530121e+002, 1.,
       3.94348724e+002, 3.01823639e+002, 1., 1.84928101e+002,
       3.06583588e+002, 1., 4.17394012e+002, 3.05557831e+002, 1.,
       4.08838379e+002, 3.06040161e+002, 1., 2.50831863e+002,
       3.30224274e+002, 1., 2.16787567e+002, 3.35963684e+002, 1.,
       2.34777298e+002, 3.59050201e+002, 1., 1.82359665e+002,
       3.66343903e+002, 1., 1.99679733e+002, 3.67587372e+002, 1.,
       2.24115250e+002, 3.77661804e+002, 1., 2.30539886e+002,
       3.81532745e+002, 1., 1.50576843e+002, 3.89490326e+002, 1.,
       1.40713058e+002, 3.89574585e+002, 1., 1.82253830e+002,
       3.88421143e+002, 1., 1.88150558e+002, 3.98640381e+002, 1.,
       1.06964531e+002, 4.03925629e+002, 1., 2.03258911e+002,
       4.01922943e+002, 1., 1.65825790e+002, 4.14599030e+002, 1.,
       1.19211647e+002, 4.22588837e+002, 1., 1.27947754e+002,
       4.33201385e+002, 1., 1.74081253e+002, 4.36598389e+002, 1.,
       1.75171234e+002, 4.43303223e+002, 1., 1.79192810e+002,
       4.53254730e+002, 1., 2.60391693e+002, 1.57359787e+002, 1.,
       3.95800232e+002, 1.58374527e+002, 1., 3.87897217e+002,
       1.59041245e+002, 1., 3.65780853e+002, 1.60041519e+002, 1.,
       3.65780853e+002, 1.60041519e+002, 1., 3.74360657e+002,
       1.59852448e+002, 1., 3.45793701e+002, 1.64457443e+002, 1.,
       3.45793701e+002, 1.64457443e+002, 1., 4.03552460e+002,
       1.69807022e+002, 1., 3.95807983e+002, 1.70824310e+002, 1.,
       3.65350891e+002, 1.71450256e+002, 1., 3.87934723e+002,
       1.71312607e+002, 1., 3.87934723e+002, 1.71312607e+002, 1.,
       3.80732361e+002, 1.71760239e+002, 1., 4.24105469e+002,
       1.71324509e+002, 1., 4.16140381e+002, 1.72267380e+002, 1.,
       4.16140381e+002, 1.72267380e+002, 1., 4.11018311e+002,
       1.73797806e+002, 1., 2.57220490e+002, 1.75355774e+002, 1.,
       3.67471741e+002, 1.75041992e+002, 1., 3.67471741e+002,
       1.75041992e+002, 1., 2.42535873e+002, 1.82190277e+002, 1.,
       3.81955750e+002, 1.90461563e+002, 1., 5.29397400e+002,
       1.99159653e+002, 1., 4.67954346e+002, 2.02810806e+002, 1.,
       5.27494080e+002, 2.19229553e+002, 1., 5.27494080e+002,
       2.19229553e+002, 1., 5.05550110e+002, 2.24975540e+002, 1.,
       4.28486877e+002, 2.42291595e+002, 1., 3.35613556e+002,
       2.51299744e+002, 1., 3.67733856e+002, 2.71378357e+002, 1.,
       1.69261185e+002, 3.13728943e+002, 1., 2.51540146e+002,
       3.21819824e+002, 1., 2.39509338e+002, 3.24389374e+002, 1.,
       2.08697449e+002, 3.34626312e+002, 1., 1.79062103e+002,
       3.56843170e+002, 1., 1.35764221e+002, 3.81189148e+002, 1.,
       1.58941437e+002, 3.99420319e+002, 1., 1.43495178e+002,
       4.13051605e+002, 1., 2.60391693e+002, 1.57359787e+002, 1.,
       3.98462891e+002, 1.63372620e+002, 1., 2.36363922e+002,
       1.66798752e+002, 1., 5.37681213e+002, 1.76210175e+002, 1.,
       3.95906097e+002, 1.82945740e+002, 1., 3.85672058e+002,
       1.83475082e+002, 1., 3.90762726e+002, 1.89390442e+002, 1.,
       4.83935150e+002, 2.07880066e+002, 1., 5.07841766e+002,
       2.13644302e+002, 1., 5.24166077e+002, 2.14097427e+002, 1.,
       5.18096863e+002, 2.17046722e+002, 1., 5.25391968e+002,
       2.37371414e+002, 1., 3.73097412e+002, 2.62804962e+002, 1.,
       4.70043274e+002, 2.74052124e+002, 1., 2.33189514e+002,
       3.01828705e+002, 1., 4.51589600e+002, 2.99560303e+002, 1.,
       1.69261185e+002, 3.13728943e+002, 1., 3.19599152e+002,
       3.13900482e+002, 1., 1.59533188e+002, 3.42435394e+002, 1.,
       1.50080566e+002, 3.78208649e+002, 1., 1.21822899e+002,
       4.10720032e+002, 1., 3.72277374e+002, 1.50271851e+002, 1.,
       3.76823151e+002, 1.60501801e+002, 1., 2.30328949e+002,
       1.67573868e+002, 1., 3.95906097e+002, 1.82945740e+002, 1.,
       4.80287750e+002, 1.96365448e+002, 1., 5.33270935e+002,
       2.14452148e+002, 1., 4.77774231e+002, 2.16905899e+002, 1.,
       3.04251801e+002, 2.24650421e+002, 1., 4.86641327e+002,
       2.24182480e+002, 1., 3.61305298e+002, 2.49219284e+002, 1.,
       2.43940323e+002, 2.53960495e+002, 1., 2.56943115e+002,
       2.74936707e+002, 1., 3.52215515e+002, 2.73571533e+002, 1.,
       4.12602875e+002, 2.72940002e+002, 1., 2.69482086e+002,
       2.81384430e+002, 1., 2.62778961e+002, 2.84980408e+002, 1.,
       2.08882431e+002, 2.97693115e+002, 1., 2.47418564e+002,
       1.64541809e+002, 1., 3.90764130e+002, 1.63985306e+002, 1.,
       4.12696991e+002, 1.78734833e+002, 1., 4.83109894e+002,
       1.88767731e+002, 1., 4.99170624e+002, 1.91469513e+002, 1.,
       3.96131409e+002, 1.95191040e+002, 1., 3.69299042e+002,
       1.96577698e+002, 1., 3.69299042e+002, 1.96577698e+002, 1.,
       3.77133118e+002, 1.96033539e+002, 1., 3.77133118e+002,
       1.96033539e+002, 1., 3.85740662e+002, 1.95919815e+002, 1.,
       3.28587372e+002, 2.18767303e+002, 1., 3.46150940e+002,
       2.39975021e+002, 1., 3.46150940e+002, 2.39975021e+002, 1.,
       3.81270569e+002, 2.43671371e+002, 1., 2.46737564e+002,
       2.45809067e+002, 1., 4.26699860e+002, 3.07717834e+002, 1.,
       1.74189865e+002, 3.21273712e+002, 1., 2.45750458e+002,
       3.36301605e+002, 1., 1.69302750e+002, 4.12286926e+002, 1.,
       3.92565582e+002, 2.05503876e+002, 1., 5.08260071e+002,
       2.05139374e+002, 1., 2.33301865e+002, 2.29334442e+002, 1.,
       3.51081085e+002, 2.50275253e+002, 1., 3.21367523e+002,
       2.54611877e+002, 1., 2.05589447e+002, 4.25817688e+002, 1.,
       2.26422058e+002, 1.80810196e+002, 1., 3.89948578e+002,
       2.50007629e+002, 1., 3.47670166e+002, 2.84013519e+002, 1.,
       1.77388809e+002, 3.09069611e+002, 1., 1.76480820e+002,
       3.33894745e+002, 1., 1.76480820e+002, 3.33894745e+002, 1.,
       1.27394951e+002, 4.52420532e+002, 1., 3.61947754e+002,
       1.48468231e+002, 1., 4.46142395e+002, 1.85782898e+002, 1.,
       4.44529327e+002, 2.33724777e+002, 1., 4.44529327e+002,
       2.33724777e+002, 1., 3.38843994e+002, 1.89107605e+002, 1.,
       4.18673462e+002, 2.10281631e+002, 1., 3.46753754e+002,
       2.13441833e+002, 1., 3.84878235e+002, 2.71224487e+002, 1.,
       2.91399200e+002, 2.94658142e+002, 1.