2.28445190e+002, 1.40872116e+002, 1., 2.31462219e+002,
       1.40922195e+002, 1., 2.33204956e+002, 1.48187637e+002, 1.,
       2.18099106e+002, 1.49132004e+002, 1., 2.33058823e+002,
       1.53058990e+002, 1., 2.12029022e+002, 1.54419739e+002, 1.,
       2.30661514e+002, 1.55636429e+002, 1., 2.79535431e+002,
       1.55004959e+002, 1., 2.33000687e+002, 1.57676636e+002, 1.,
       3.83293701e+002, 1.55098709e+002, 1., 2.34480530e+002,
       1.69199661e+002, 1., 2.00748230e+002, 1.74527557e+002, 1.,
       2.28902695e+002, 1.87977966e+002, 1., 5.04655151e+002,
       1.96686417e+002, 1., 5.07606537e+002, 1.97472076e+002, 1.,
       4.98346893e+002, 2.03623367e+002, 1., 4.52391388e+002,
       2.07991547e+002, 1., 3.48655487e+002, 2.10715240e+002, 1.,
       3.23041473e+002, 2.11977692e+002, 1., 3.15121552e+002,
       2.17316574e+002, 1., 3.23391418e+002, 2.16922562e+002, 1.,
       4.70398315e+002, 2.13769958e+002, 1., 4.48412323e+002,
       2.19010483e+002, 1., 2.09241226e+002, 2.28072693e+002, 1.,
       4.96589508e+002, 2.25918640e+002, 1., 4.50261108e+002,
       2.34556946e+002, 1., 2.06985657e+002, 2.49795731e+002, 1.,
       4.47203278e+002, 2.44285645e+002, 1., 4.53168945e+002,
       2.45296570e+002, 1., 3.13667114e+002, 2.51517303e+002, 1.,
       2.52358597e+002, 2.57622620e+002, 1., 3.33310333e+002,
       2.64391937e+002, 1., 4.46555450e+002, 2.63544739e+002, 1.,
       1.85322998e+002, 2.89832703e+002, 1., 2.38999023e+002,
       2.89106232e+002, 1., 2.24315826e+002, 3.02990967e+002, 1.,
       3.05143463e+002, 3.08066711e+002, 1., 3.32517731e+002,
       3.06380524e+002, 1., 2.47800522e+002, 3.31507538e+002, 1.,
       2.14303650e+002, 3.38072510e+002, 1., 1.56565109e+002,
       3.42521545e+002, 1., 1.88402191e+002, 3.49303101e+002, 1.,
       1.99081146e+002, 3.52543945e+002, 1., 1.80069519e+002,
       3.62126862e+002, 1., 1.16160522e+002, 3.83630737e+002, 1.,
       1.60481781e+002, 3.82697601e+002, 1., 1.59074387e+002,
       3.93727142e+002, 1., 1.85543533e+002, 3.96639618e+002, 1.,
       8.09366226e+001, 4.03722412e+002, 1., 9.48344345e+001,
       4.29899536e+002, 1., 1.48779907e+002, 4.58070740e+002, 1.,
       3.63855133e+002, 1.39356277e+002, 1., 2.44356796e+002,
       1.53508469e+002, 1., 2.44356796e+002, 1.53508469e+002, 1.,
       3.52881134e+002, 1.51047287e+002, 1., 3.85823395e+002,
       1.51580856e+002, 1., 3.84422791e+002, 1.58436508e+002, 1.,
       2.00362930e+002, 1.63498108e+002, 1., 3.83530151e+002,
       1.61963593e+002, 1., 3.83530151e+002, 1.61963593e+002, 1.,
       3.86122406e+002, 1.64922806e+002, 1., 3.83888062e+002,
       1.71192764e+002, 1., 3.62107361e+002, 1.73163788e+002, 1.,
       3.71856323e+002, 1.72480301e+002, 1., 3.39307922e+002,
       1.77838226e+002, 1., 3.39307922e+002, 1.77838226e+002, 1.,
       2.24696609e+002, 1.83458496e+002, 1., 3.77029144e+002,
       1.84938828e+002, 1., 3.77029144e+002, 1.84938828e+002, 1.,
       2.05562958e+002, 2.06220978e+002, 1., 3.53937042e+002,
       1.91370438e+002, 1., 3.57794281e+002, 2.04611252e+002, 1.,
       3.57794281e+002, 2.04611252e+002, 1., 4.74254730e+002,
       2.05836288e+002, 1., 3.44585358e+002, 2.12533585e+002, 1.,
       3.62900940e+002, 2.11946136e+002, 1., 3.53161072e+002,
       2.12792923e+002, 1., 3.53161072e+002, 2.12792923e+002, 1.,
       4.60290039e+002, 2.13152069e+002, 1., 4.60290039e+002,
       2.13152069e+002, 1., 4.51870941e+002, 2.13774307e+002, 1.,
       4.57216888e+002, 2.15440445e+002, 1., 4.76875244e+002,
       2.20054840e+002, 1., 3.44266083e+002, 2.33591888e+002, 1.,
       2.10048737e+002, 2.40910019e+002, 1., 3.40781921e+002,
       2.37999664e+002, 1., 3.40575287e+002, 2.53317627e+002, 1.,
       3.72633636e+002, 2.65099060e+002, 1., 4.52377472e+002,
       2.63325500e+002, 1., 3.50917786e+002, 2.69361542e+002, 1.,
       3.67958954e+002, 2.68291840e+002, 1., 2.60132751e+002,
       2.72881226e+002, 1., 3.11862457e+002, 2.75470001e+002, 1.,
       4.72625671e+002, 2.70102142e+002, 1., 3.79277496e+002,
       2.95677124e+002, 1., 1.74081757e+002, 3.03276611e+002, 1.,
       3.75851563e+002, 2.97773621e+002, 1., 1.61853058e+002,
       3.05572754e+002, 1., 3.98716095e+002, 3.00976318e+002, 1.,
       3.90032288e+002, 3.01675446e+002, 1., 2.24640991e+002,
       3.28350220e+002, 1., 1.90602158e+002, 3.34534576e+002, 1.,
       2.07083115e+002, 3.57309814e+002, 1., 1.54764618e+002,
       3.65105286e+002, 1., 1.70957275e+002, 3.66752319e+002, 1.,
       1.95580276e+002, 3.76325378e+002, 1., 2.01097809e+002,
       3.79827515e+002, 1., 1.21317535e+002, 3.88618561e+002, 1.,
       1.11368546e+002, 3.89165070e+002, 1., 1.52360641e+002,
       3.87691254e+002, 1., 1.58448349e+002, 3.97519714e+002, 1.,
       7.75284500e+001, 4.03673065e+002, 1., 1.72489685e+002,
       4.00764557e+002, 1., 1.34231796e+002, 4.13990692e+002, 1.,
       8.94444580e+001, 4.22114746e+002, 1., 9.84551773e+001,
       4.32619385e+002, 1., 1.43742889e+002, 4.35951019e+002, 1.,
       1.45233459e+002, 4.42279236e+002, 1., 1.49845261e+002,
       4.52080627e+002, 1., 2.39130875e+002, 1.54642502e+002, 1.,
       3.71284912e+002, 1.53190231e+002, 1., 3.63366394e+002,
       1.53964111e+002, 1., 3.41152252e+002, 1.55450516e+002, 1.,
       3.41152252e+002, 1.55450516e+002, 1., 3.49719696e+002,
       1.54896210e+002, 1., 3.21245667e+002, 1.60030106e+002, 1.,
       3.21245667e+002, 1.60030106e+002, 1., 3.79659119e+002,
       1.64631485e+002, 1., 3.71817474e+002, 1.65759552e+002, 1.,
       3.41111725e+002, 1.67007523e+002, 1., 3.63908508e+002,
       1.66392578e+002, 1., 3.63908508e+002, 1.66392578e+002, 1.,
       3.56624054e+002, 1.66907761e+002, 1., 4.00450836e+002,
       1.65786240e+002, 1., 3.92471680e+002, 1.66794235e+002, 1.,
       3.92471680e+002, 1.66794235e+002, 1., 3.87178528e+002,
       1.68497726e+002, 1., 2.35959778e+002, 1.72830109e+002, 1.,
       3.43553467e+002, 1.70572449e+002, 1., 3.43553467e+002,
       1.70572449e+002, 1., 2.21757629e+002, 1.79901901e+002, 1.,
       3.58603638e+002, 1.85788086e+002, 1., 5.06244598e+002,
       1.91928055e+002, 1., 4.46005829e+002, 1.96748138e+002, 1.,
       5.04882477e+002, 2.12085922e+002, 1., 5.04882477e+002,
       2.12085922e+002, 1., 4.83736176e+002, 2.18449295e+002, 1.,
       4.07734436e+002, 2.37035034e+002, 1., 3.14868256e+002,
       2.47761124e+002, 1., 3.47388214e+002, 2.67341370e+002, 1.,
       1.45625931e+002, 3.13083160e+002, 1., 2.26464478e+002,
       3.19697510e+002, 1., 2.14026199e+002, 3.22378662e+002, 1.,
       1.82896622e+002, 3.33182983e+002, 1., 1.51477081e+002,
       3.55865570e+002, 1., 1.07905121e+002, 3.80369476e+002, 1.,
       1.28555649e+002, 3.98826111e+002, 1., 1.12456154e+002,
       4.12402069e+002, 1., 2.39130875e+002, 1.54642502e+002, 1.,
       3.74154968e+002, 1.58440613e+002, 1., 2.14969650e+002,
       1.64392899e+002, 1., 5.15200928e+002, 1.68636887e+002, 1.,
       3.72165070e+002, 1.77306458e+002, 1., 3.62025391e+002,
       1.78459717e+002, 1., 3.67431213e+002, 1.84573166e+002, 1.,
       4.61550903e+002, 2.01507690e+002, 1., 4.85338470e+002,
       2.06991882e+002, 1., 5.01117004e+002, 2.07127136e+002, 1.,
       4.95391876e+002, 2.10056778e+002, 1., 5.03528473e+002,
       2.30806915e+002, 1., 3.52259247e+002, 2.58695679e+002, 1.,
       4.50363892e+002, 2.68468567e+002, 1., 2.09915146e+002,
       3.00114105e+002, 1., 4.33205505e+002, 2.94566284e+002, 1.,
       1.45625931e+002, 3.13083160e+002, 1., 3.00867126e+002,
       3.10753937e+002, 1., 1.33466644e+002, 3.41888733e+002, 1.,
       1.21797218e+002, 3.77655182e+002, 1., 9.16174469e+001,
       4.10355499e+002, 1., 3.47245361e+002, 1.45492462e+002, 1.,
       3.52267059e+002, 1.55622589e+002, 1., 2.08772079e+002,
       1.65322845e+002, 1., 3.72165070e+002, 1.77306458e+002, 1.,
       4.57875000e+002, 1.90167511e+002, 1., 5.10404663e+002,
       2.07447449e+002, 1., 4.55775940e+002, 2.10792023e+002, 1.,
       2.81876648e+002, 2.21631149e+002, 1., 4.64901306e+002,
       2.17630264e+002, 1., 3.39794525e+002, 2.44891998e+002, 1.,
       2.25563065e+002, 2.51897171e+002, 1., 2.35987686e+002,
       2.72757050e+002, 1., 3.31786621e+002, 2.69724243e+002, 1.,
       3.92298981e+002, 2.68509125e+002, 1., 2.48186905e+002,
       2.79254974e+002, 1., 2.41160156e+002, 2.82705017e+002, 1.,
       1.86007446e+002, 2.96687408e+002, 1., 2.26234268e+002,
       1.61996216e+002, 1., 3.66435608e+002, 1.58812927e+002, 1.,
       3.89926514e+002, 1.73664520e+002, 1., 4.60133820e+002,
       1.82322403e+002, 1., 4.76114929e+002, 1.84490295e+002, 1.,
       3.73029510e+002, 1.90240250e+002, 1., 3.46109131e+002,
       1.92107498e+002, 1., 3.46109131e+002, 1.92107498e+002, 1.,
       3.53937042e+002, 1.91370438e+002, 1., 3.53937042e+002,
       1.91370438e+002, 1., 3.62763641e+002, 1.91095947e+002, 1.,
       3.06136292e+002, 2.15016586e+002, 1., 3.24590698e+002,
       2.36063324e+002, 1., 3.24590698e+002, 2.36063324e+002, 1.,
       3.60024445e+002, 2.39275330e+002, 1., 2.28477478e+002,
       2.43679077e+002, 1., 4.08209595e+002, 3.02998138e+002, 1.,
       1.49833069e+002, 3.20352112e+002, 1., 2.19656494e+002,
       3.34450226e+002, 1., 1.36799423e+002, 4.11617889e+002, 1.,
       3.69681976e+002, 2.00472672e+002, 1., 4.85572205e+002,
       1.98440277e+002, 1., 2.13727707e+002, 2.26752960e+002, 1.,
       3.29651489e+002, 2.46218414e+002, 1., 3.00215912e+002,
       2.51149628e+002, 1., 1.74351563e+002, 4.24595673e+002, 1.,
       2.05240753e+002, 1.78747971e+002, 1., 3.68899933e+002,
       2.45584930e+002, 1., 3.27507904e+002, 2.80294617e+002, 1.,
       1.54670532e+002, 3.08182129e+002, 1., 1.50156342e+002,
       3.33505371e+002, 1., 1.50156342e+002, 3.33505371e+002, 1.,
       9.92533112e+001, 4.51370300e+002, 1., 3.36829132e+002,
       1.43810120e+002, 1., 4.23469452e+002, 1.79715668e+002, 1.,
       4.23523132e+002, 2.28151642e+002, 1., 4.23523132e+002,
       2.28151642e+002, 1., 3.15303040e+002, 1.85151276e+002, 1.,
       3.96026489e+002, 2.04930298e+002, 1., 3.24166351e+002,
       2.09588211e+002, 1., 3.64544434e+002, 2.66962708e+002, 1.,
       2.70874146e+002, 2.91057312e+002, 1.