2.22326309e+002, 1.31433365e+002, 1., 2.25455017e+002,
       1.31351547e+002, 1., 2.27172180e+002, 1.38734970e+002, 1.,
       2.11861603e+002, 1.39653015e+002, 1., 2.27036240e+002,
       1.43753998e+002, 1., 2.05727463e+002, 1.44720627e+002, 1.,
       2.24593063e+002, 1.46431442e+002, 1., 2.71782501e+002,
       1.46052338e+002, 1., 2.27011597e+002, 1.48401306e+002, 1.,
       3.76043671e+002, 1.46805679e+002, 1., 2.28665649e+002,
       1.60211227e+002, 1., 1.94519958e+002, 1.64982666e+002, 1.,
       2.23159515e+002, 1.78836838e+002, 1., 4.98419189e+002,
       1.89938171e+002, 1., 5.01484680e+002, 1.90902130e+002, 1.,
       4.92033112e+002, 1.96851578e+002, 1., 4.46188080e+002,
       2.00902145e+002, 1., 3.41206451e+002, 2.02761093e+002, 1.,
       3.15530579e+002, 2.03872269e+002, 1., 3.07454376e+002,
       2.08985291e+002, 1., 3.15851715e+002, 2.08787872e+002, 1.,
       4.64083801e+002, 2.06765381e+002, 1., 4.42156708e+002,
       2.11969986e+002, 1., 2.03447296e+002, 2.18766541e+002, 1.,
       4.90197723e+002, 2.19367889e+002, 1., 4.43993896e+002,
       2.27966934e+002, 1., 2.01221802e+002, 2.40676987e+002, 1.,
       4.40926666e+002, 2.37428955e+002, 1., 4.46982117e+002,
       2.38499390e+002, 1., 3.06273956e+002, 2.43386993e+002, 1.,
       2.45819778e+002, 2.48890228e+002, 1., 3.26110718e+002,
       2.56561371e+002, 1., 4.40457520e+002, 2.57141602e+002, 1.,
       1.76866638e+002, 2.80344482e+002, 1., 2.29991226e+002,
       2.80233002e+002, 1., 2.14522095e+002, 2.94060120e+002, 1.,
       2.98209900e+002, 2.99807861e+002, 1., 3.20432678e+002,
       2.98604248e+002, 1., 2.36468430e+002, 3.23019836e+002, 1.,
       2.02206772e+002, 3.28846497e+002, 1., 1.44874023e+002,
       3.32462097e+002, 1., 1.75693680e+002, 3.39790344e+002, 1.,
       1.86347931e+002, 3.43149384e+002, 1., 1.67044983e+002,
       3.52635101e+002, 1., 1.02575096e+002, 3.72870209e+002, 1.,
       1.46140778e+002, 3.72660553e+002, 1., 1.43566681e+002,
       3.83505646e+002, 1., 1.69916107e+002, 3.86975525e+002, 1.,
       6.63630142e+001, 3.92324799e+002, 1., 8.00203629e+001,
       4.18555603e+002, 1., 1.33622391e+002, 4.47322937e+002, 1.,
       3.56131714e+002, 1.30580582e+002, 1., 2.38493881e+002,
       1.44291183e+002, 1., 2.38493881e+002, 1.44291183e+002, 1.,
       3.45198883e+002, 1.42484970e+002, 1., 3.78561371e+002,
       1.43307663e+002, 1., 3.77143280e+002, 1.50184677e+002, 1.,
       1.94034378e+002, 1.53992828e+002, 1., 3.76233765e+002,
       1.53781387e+002, 1., 3.76233765e+002, 1.53781387e+002, 1.,
       3.78990967e+002, 1.56803314e+002, 1., 3.76707458e+002,
       1.63140182e+002, 1., 3.54635040e+002, 1.64937836e+002, 1.,
       3.64559998e+002, 1.64330933e+002, 1., 3.31667328e+002,
       1.69584152e+002, 1., 3.31667328e+002, 1.69584152e+002, 1.,
       2.18618042e+002, 1.74159592e+002, 1., 3.69680084e+002,
       1.76928024e+002, 1., 3.69680084e+002, 1.76928024e+002, 1.,
       1.99494614e+002, 1.96957397e+002, 1., 3.46614899e+002,
       1.83270065e+002, 1., 3.50372833e+002, 1.96586929e+002, 1.,
       3.50372833e+002, 1.96586929e+002, 1., 4.68080627e+002,
       1.98457001e+002, 1., 3.37175201e+002, 2.04328613e+002, 1.,
       3.55678650e+002, 2.04239288e+002, 1., 3.45839355e+002,
       2.04970383e+002, 1., 3.45839355e+002, 2.04970383e+002, 1.,
       4.53939850e+002, 2.06140656e+002, 1., 4.53939850e+002,
       2.06140656e+002, 1., 4.45852783e+002, 2.06578476e+002, 1.,
       4.51026886e+002, 2.08502106e+002, 1., 4.70565247e+002,
       2.13208786e+002, 1., 3.36978699e+002, 2.25815063e+002, 1.,
       2.04276611e+002, 2.31700607e+002, 1., 3.33581696e+002,
       2.30149689e+002, 1., 3.33342743e+002, 2.45479630e+002, 1.,
       3.65951202e+002, 2.57682922e+002, 1., 4.46222534e+002,
       2.56810364e+002, 1., 3.43909393e+002, 2.61543945e+002, 1.,
       3.61109283e+002, 2.60917053e+002, 1., 2.52359665e+002,
       2.64414856e+002, 1., 3.04571350e+002, 2.67401276e+002, 1.,
       4.66097961e+002, 2.63863831e+002, 1., 3.72464447e+002,
       2.88503876e+002, 1., 1.64826508e+002, 2.93660156e+002, 1.,
       3.69318848e+002, 2.90513092e+002, 1., 1.52601730e+002,
       2.95816559e+002, 1., 3.92388397e+002, 2.93989716e+002, 1.,
       3.83773193e+002, 2.94547852e+002, 1., 2.13163696e+002,
       3.19263031e+002, 1., 1.78996674e+002, 3.24990356e+002, 1.,
       1.93940460e+002, 3.47988617e+002, 1., 1.41460510e+002,
       3.55316254e+002, 1., 1.58193680e+002, 3.57142700e+002, 1.,
       1.81325424e+002, 3.66873871e+002, 1., 1.86614273e+002,
       3.70507690e+002, 1., 1.06998650e+002, 3.77993530e+002, 1.,
       9.73874969e+001, 3.78333496e+002, 1., 1.37798126e+002,
       3.77517426e+002, 1., 1.42293823e+002, 3.87671539e+002, 1.,
       6.32010345e+001, 3.92215973e+002, 1., 1.56794891e+002,
       3.91121033e+002, 1., 1.18684364e+002, 4.03267792e+002, 1.,
       7.45357819e+001, 4.10652222e+002, 1., 8.34943008e+001,
       4.21262054e+002, 1., 1.27993980e+002, 4.25384003e+002, 1.,
       1.29550858e+002, 4.31629425e+002, 1., 1.34176498e+002,
       4.41469879e+002, 1., 2.33171005e+002, 1.45351913e+002, 1.,
       3.63799286e+002, 1.44838226e+002, 1., 3.55811462e+002,
       1.45542664e+002, 1., 3.33391510e+002, 1.46819534e+002, 1.,
       3.33391510e+002, 1.46819534e+002, 1., 3.42095520e+002,
       1.46451233e+002, 1., 3.13357300e+002, 1.51405060e+002, 1.,
       3.13357300e+002, 1.51405060e+002, 1., 3.72282349e+002,
       1.56399628e+002, 1., 3.64324707e+002, 1.57447205e+002, 1.,
       3.33478210e+002, 1.58510605e+002, 1., 3.56409973e+002,
       1.58118073e+002, 1., 3.56409973e+002, 1.58118073e+002, 1.,
       3.49069366e+002, 1.58603882e+002, 1., 3.93490540e+002,
       1.57757248e+002, 1., 3.85409119e+002, 1.58692261e+002, 1.,
       3.85409119e+002, 1.58692261e+002, 1., 3.80044281e+002,
       1.60465118e+002, 1., 2.26849625e+002, 1.63880997e+002, 1.,
       3.35926483e+002, 1.62228149e+002, 1., 3.35926483e+002,
       1.62228149e+002, 1., 2.15728958e+002, 1.70652710e+002, 1.,
       3.51151947e+002, 1.77638062e+002, 1., 4.99891510e+002,
       1.85365158e+002, 1., 4.39813965e+002, 1.89499466e+002, 1.,
       4.98570923e+002, 2.05440079e+002, 1., 4.98570923e+002,
       2.05440079e+002, 1., 4.77455048e+002, 2.11809433e+002, 1.,
       4.01128632e+002, 2.29688782e+002, 1., 3.07167419e+002,
       2.39604736e+002, 1., 3.40272064e+002, 2.59670349e+002, 1.,
       1.36103088e+002, 3.03157867e+002, 1., 2.15456085e+002,
       3.10881470e+002, 1., 2.02791000e+002, 3.13242950e+002, 1.,
       1.71345840e+002, 3.23553345e+002, 1., 1.38783356e+002,
       3.45688171e+002, 1., 9.43415833e+001, 3.69528473e+002, 1.,
       1.13564835e+002, 3.88288086e+002, 1., 9.70078812e+001,
       4.01446869e+002, 1., 2.33171005e+002, 1.45351913e+002, 1.,
       3.66723907e+002, 1.50139587e+002, 1., 2.08858917e+002,
       1.54836746e+002, 1., 5.09829529e+002, 1.61406830e+002, 1.,
       3.64910980e+002, 1.69392105e+002, 1., 3.54560364e+002,
       1.70457535e+002, 1., 3.60027069e+002, 1.76451813e+002, 1.,
       4.55264069e+002, 1.94417374e+002, 1., 4.79026093e+002,
       2.00155075e+002, 1., 4.95123077e+002, 2.00557617e+002, 1.,
       4.89166199e+002, 2.03292984e+002, 1., 4.97165955e+002,
       2.24253769e+002, 1., 3.45373810e+002, 2.51071289e+002, 1.,
       4.44846222e+002, 2.61894836e+002, 1., 2.00183823e+002,
       2.90948212e+002, 1., 4.27113831e+002, 2.87953278e+002, 1.,
       1.36103088e+002, 3.03157867e+002, 1., 2.93718109e+002,
       3.02775970e+002, 1., 1.22107430e+002, 3.31712799e+002, 1.,
       1.08406357e+002, 3.66880890e+002, 1., 7.63417740e+001,
       3.99050964e+002, 1., 3.39691345e+002, 1.36678940e+002, 1.,
       3.44716187e+002, 1.47145508e+002, 1., 2.02281448e+002,
       1.55868118e+002, 1., 3.64910980e+002, 1.69392105e+002, 1.,
       4.51647430e+002, 1.82876648e+002, 1., 5.04250366e+002,
       2.00872330e+002, 1., 4.49608917e+002, 2.03790161e+002, 1.,
       2.74838867e+002, 2.13423782e+002, 1., 4.58619720e+002,
       2.10802338e+002, 1., 3.32836212e+002, 2.37275269e+002, 1.,
       2.20184891e+002, 2.42882446e+002, 1., 2.28242722e+002,
       2.64076721e+002, 1., 3.24747955e+002, 2.61888092e+002, 1.,
       3.85892975e+002, 2.61111511e+002, 1., 2.40190262e+002,
       2.70615692e+002, 1., 2.32882278e+002, 2.73950958e+002, 1.,
       1.77159714e+002, 2.87393188e+002, 1., 2.20079071e+002,
       1.52651550e+002, 1., 3.58925903e+002, 1.50530121e+002, 1.,
       3.81929596e+002, 1.65455505e+002, 1., 4.53939819e+002,
       1.74927917e+002, 1., 4.69842834e+002, 1.77270996e+002, 1.,
       3.65603546e+002, 1.82254730e+002, 1., 3.38377228e+002,
       1.83928757e+002, 1., 3.38377228e+002, 1.83928757e+002, 1.,
       3.46614899e+002, 1.83270065e+002, 1., 3.46614899e+002,
       1.83270065e+002, 1., 3.55055267e+002, 1.83089355e+002, 1.,
       2.98540771e+002, 2.06627625e+002, 1., 3.17120636e+002,
       2.27996750e+002, 1., 3.17120636e+002, 2.27996750e+002, 1.,
       3.53018311e+002, 2.31513153e+002, 1., 2.23095612e+002,
       2.35003952e+002, 1., 4.01695313e+002, 2.96056122e+002, 1.,
       1.40140579e+002, 3.10208923e+002, 1., 2.07274094e+002,
       3.25589966e+002, 1., 1.21024361e+002, 4.01067200e+002, 1.,
       3.62587189e+002, 1.92585739e+002, 1., 4.79150208e+002,
       1.91403244e+002, 1., 2.07859695e+002, 2.17704971e+002, 1.,
       3.22279266e+002, 2.38241104e+002, 1., 2.92839874e+002,
       2.42766434e+002, 1., 1.58050446e+002, 4.14658264e+002, 1.,
       1.98741898e+002, 1.69226700e+002, 1., 3.62042419e+002,
       2.37869141e+002, 1., 3.20390656e+002, 2.72375854e+002, 1.,
       1.45424805e+002, 2.98323761e+002, 1., 1.38411224e+002,
       3.23598175e+002, 1., 1.38411224e+002, 3.23598175e+002, 1.,
       8.47833328e+001, 4.39880463e+002, 1., 3.28944183e+002,
       1.35109238e+002, 1., 4.16921417e+002, 1.72069794e+002, 1.,
       4.17165649e+002, 2.20855255e+002, 1., 4.17165649e+002,
       2.20855255e+002, 1., 3.07642456e+002, 1.76689148e+002, 1.,
       3.89118713e+002, 1.97227554e+002, 1., 3.16468964e+002,
       2.01352646e+002, 1., 3.57548370e+002, 2.59352539e+002, 1.,
       2.63243866e+002, 2.82290558e+002, 1.