   -1.78304061e-001 -1.53801978e-001 9.44769442e-001 2.27954686e-001
    -1.72995642e-001 -1.54221371e-001 9.45938945e-001 2.26909295e-001
    -1.71932116e-001 -1.43087804e-001 9.47460115e-001 2.28658095e-001
    -1.95583716e-001 -1.40882030e-001 9.42754388e-001 2.30463400e-001
    -1.71996161e-001 -1.35793075e-001 9.48740065e-001 2.27749527e-001
    -2.05846623e-001 -1.32935643e-001 9.41281915e-001 2.32257649e-001
    -1.76724538e-001 -1.31450534e-001 9.48070049e-001 2.29461014e-001
    -1.12036780e-001 -1.30429998e-001 9.53041613e-001 2.49293968e-001
    -1.73174441e-001 -1.28597990e-001 9.49158490e-001 2.29284465e-001
    5.51801324e-002 -1.28861219e-001 9.58846748e-001 2.46906459e-001
    -1.71876475e-001 -1.10936776e-001 9.51491952e-001 2.29814291e-001
    -2.24932104e-001 -1.02375194e-001 9.40052509e-001 2.35002458e-001
    -1.82201311e-001 -8.24820697e-002 9.52007711e-001 2.31690869e-001
    2.43399739e-001 -5.61445430e-002 9.35803950e-001 2.48747453e-001
    2.47856110e-001 -5.49734235e-002 9.34697330e-001 2.48769417e-001
    2.33742699e-001 -4.56277169e-002 9.38785970e-001 2.48924389e-001
    1.66107744e-001 -4.19269614e-002 9.54506874e-001 2.44063482e-001
    -5.28864935e-003 -4.19645943e-002 9.66970921e-001 2.51352757e-001
    -4.69837673e-002 -4.08133231e-002 9.65640068e-001 2.52321303e-001
    -5.99901713e-002 -3.30230370e-002 9.65253294e-001 2.52183884e-001
    -4.65885289e-002 -3.32505293e-002 9.66050148e-001 2.51934499e-001
    1.91876158e-001 -3.12836953e-002 9.49191153e-001 2.47469351e-001
    1.59392565e-001 -2.43449882e-002 9.56269443e-001 2.44028851e-001
    -2.14507014e-001 -2.15356275e-002 9.48149085e-001 2.33530134e-001
    2.30519369e-001 -1.03351874e-002 9.40695882e-001 2.48687014e-001
    1.62621140e-001 9.71288595e-004 9.56467271e-001 2.42329791e-001
    -2.18193069e-001 1.16713960e-002 9.47765172e-001 2.32372105e-001
    1.57264367e-001 1.62021443e-002 9.57185090e-001 2.42491573e-001
    1.66235983e-001 1.78723074e-002 9.55472887e-001 2.43141368e-001
    -6.25689551e-002 2.10859738e-002 9.65977609e-001 2.50055611e-001
    -1.53749838e-001 2.67086681e-002 9.58283663e-001 2.39457846e-001
    -3.03651299e-002 4.26178351e-002 9.67510939e-001 2.47354448e-001
    1.55870065e-001 4.69541550e-002 9.56739843e-001 2.41140530e-001
    -2.64932305e-001 7.16137886e-002 9.25581634e-001 2.60731637e-001
    -1.89042956e-001 7.51348212e-002 9.42479074e-001 2.65237033e-001
    -2.15312153e-001 9.47988033e-002 9.32865679e-001 2.72792071e-001
    -7.53472075e-002 1.08619206e-001 9.60944653e-001 2.43125647e-001
    -1.36816707e-002 1.08803794e-001 9.63920474e-001 2.42552802e-001
    -1.88663542e-001 1.39616773e-001 9.29029882e-001 2.86036134e-001
    -2.41109595e-001 1.44793838e-001 9.13721621e-001 2.93280870e-001
    -3.18939239e-001 1.43160447e-001 8.90189409e-001 2.92139769e-001
    -2.79511213e-001 1.57160610e-001 8.99098158e-001 2.97987521e-001
    -2.65228570e-001 1.63027629e-001 9.02188480e-001 2.98549473e-001
    -2.92426020e-001 1.73300043e-001 8.90705347e-001 3.01824659e-001
    -3.73119861e-001 1.91288322e-001 8.55613291e-001 3.03506643e-001
    -3.21417451e-001 1.97223946e-001 8.72955620e-001 3.09421986e-001
    -3.25118750e-001 2.10987419e-001 8.66760015e-001 3.13861698e-001
    -2.92684406e-001 2.19331220e-001 8.74682605e-001 3.18056554e-001
    -4.14459616e-001 2.09785655e-001 8.30586314e-001 3.07147503e-001
    -3.97311926e-001 2.44525164e-001 8.29443336e-001 3.07204276e-001
    -3.32336664e-001 2.90445864e-001 8.43427420e-001 3.06306541e-001
    2.49053296e-002 -1.54438496e-001 9.56754386e-001 2.45253995e-001
    -1.54384494e-001 -1.35376900e-001 9.52005506e-001 2.26989135e-001
    -1.54384494e-001 -1.35376900e-001 9.52005506e-001 2.26989135e-001
    5.36531163e-003 -1.35966241e-001 9.59059000e-001 2.48375282e-001
    5.96142709e-002 -1.34243771e-001 9.58014190e-001 2.46238932e-001
    5.67508638e-002 -1.23606637e-001 9.59441841e-001 2.46925354e-001
    -2.24519223e-001 -1.18603110e-001 9.38412547e-001 2.34320879e-001
    5.50880358e-002 -1.18023202e-001 9.60129738e-001 2.47359484e-001
    5.50880358e-002 -1.18023202e-001 9.60129738e-001 2.47359484e-001
    5.92295267e-002 -1.13322929e-001 9.60454822e-001 2.47338459e-001
    5.51653914e-002 -1.03472605e-001 9.61655736e-001 2.47928202e-001
    1.88895613e-002 -1.01039700e-001 9.62855458e-001 2.49686837e-001
    3.49965729e-002 -1.01802699e-001 9.62484300e-001 2.49069035e-001
    -1.92661677e-002 -9.40814242e-002 9.63003337e-001 2.51797795e-001
    -1.92661677e-002 -9.40814242e-002 9.63003337e-001 2.51797795e-001
    -1.88589305e-001 -8.94413516e-002 9.50056016e-001 2.32008278e-001
    4.28578369e-002 -8.19622576e-002 9.64025438e-001 2.49199435e-001
    4.28578369e-002 -8.19622576e-002 9.64025438e-001 2.49199435e-001
    -2.19089538e-001 -5.46331517e-002 9.45899725e-001 2.32999325e-001
    2.02118918e-001 4.92949560e-002 -8.78153145e-001 -4.30772573e-001
    7.30618462e-002 -5.62279336e-002 9.76910710e-001 1.92732617e-001
    1.01820575e-002 -5.13046198e-002 9.66559112e-001 2.51053154e-001
    1.98589399e-001 -4.40428965e-002 9.47530031e-001 2.46595562e-001
    -1.16957715e-002 -3.95733006e-002 9.67026889e-001 2.51308948e-001
    1.87496152e-002 -3.92037295e-002 9.67279911e-001 2.49962077e-001
    1.86758768e-002 -3.94415110e-002 9.70844507e-001 2.35704243e-001
    2.63707084e-003 -3.82554978e-002 9.67381418e-001 2.50405222e-001
    1.77251756e-001 -3.31386775e-002 9.52449739e-001 2.45607659e-001
    1.77251756e-001 -3.31386775e-002 9.52449739e-001 2.45607659e-001
    1.64581940e-001 -3.24843042e-002 9.55004156e-001 2.44590685e-001
    1.72432438e-001 -2.94894036e-002 9.53526556e-001 2.45325267e-001
    2.01829016e-001 -2.11233627e-002 9.47566152e-001 2.46854648e-001
    -1.31627722e-002 -5.63156651e-003 9.67918873e-001 2.50854790e-001
    -2.13554099e-001 -1.76816841e-003 9.48759139e-001 2.32911199e-001
    -1.84547231e-002 1.10510725e-003 9.67975616e-001 2.50362605e-001
    -1.91176459e-002 2.54001822e-002 9.67916191e-001 2.49254063e-001
    3.38562243e-002 4.57945429e-002 9.67404068e-001 2.46750936e-001
    1.64270133e-001 4.68522571e-002 9.54936743e-001 2.42726192e-001
    -1.64416025e-003 5.07765040e-002 9.67650652e-001 2.47125998e-001
    2.61934586e-002 5.05644418e-002 9.67506588e-001 2.46349514e-001
    -1.48574829e-001 5.14999293e-002 9.55134273e-001 2.50981659e-001
    -6.65709972e-002 5.86696714e-002 9.64537442e-001 2.48583302e-001
    1.93762809e-001 5.86930625e-002 9.48600173e-001 2.43246287e-001
    4.58599664e-002 9.45957527e-002 9.64760721e-001 2.41216123e-001
    -2.83937484e-001 9.02706981e-002 9.16299284e-001 2.67630905e-001
    3.96067500e-002 9.78280082e-002 9.64495420e-001 2.42094070e-001
    -3.00769687e-001 9.23269987e-002 9.10718977e-001 2.67589658e-001
    7.73604810e-002 1.04158558e-001 9.61977541e-001 2.40344673e-001
    6.33933991e-002 1.04769856e-001 9.62937057e-001 2.40326390e-001
    -2.24340856e-001 1.31971747e-001 9.21091616e-001 2.89559782e-001
    -2.72146136e-001 1.36737660e-001 9.07491148e-001 2.89308041e-001
    -2.55596071e-001 1.70675099e-001 9.02652919e-001 3.01261276e-001
    -3.26273501e-001 1.74395844e-001 8.78850162e-001 3.01254123e-001
    -3.04890275e-001 1.78101003e-001 8.84921789e-001 3.03702831e-001
    -2.76479989e-001 1.94483697e-001 8.88387024e-001 3.10649931e-001
    -2.69296318e-001 2.00225338e-001 8.88781250e-001 3.12181383e-001
    -3.68468642e-001 1.98452130e-001 8.54900181e-001 3.06583256e-001
    -3.79460424e-001 1.97467312e-001 8.50770175e-001 3.05297434e-001
    -3.31920505e-001 2.02128172e-001 8.67282331e-001 3.11117917e-001
    -3.21079999e-001 2.16733962e-001 8.68861556e-001 3.08242828e-001
    -4.17808861e-001 2.09192052e-001 8.29412341e-001 3.06185573e-001
    -3.10267568e-001 2.22432137e-001 8.67398083e-001 3.19184214e-001
    -3.56099576e-001 2.31914341e-001 8.47722769e-001 3.17450643e-001
    -4.04624581e-001 2.33860761e-001 8.28634381e-001 3.08144689e-001
    -3.93378735e-001 2.48662144e-001 8.30109894e-001 3.07144731e-001
    -3.42580050e-001 2.61669278e-001 8.46063018e-001 3.13600838e-001
    -3.39826226e-001 2.69882828e-001 8.45212281e-001 3.11925620e-001
    -3.32570165e-001 2.83233523e-001 8.44947159e-001 3.08610022e-001
    -1.62908092e-001 -1.33505180e-001 9.50609267e-001 2.27989748e-001
    3.51946764e-002 -1.32096648e-001 9.59099650e-001 2.47870162e-001
    2.20299922e-002 -1.31071985e-001 9.59476411e-001 2.48474985e-001
    -2.74303835e-002 -1.28978103e-001 9.59303021e-001 2.49699697e-001
    -1.43113909e-002 -1.29346818e-001 9.59594190e-001 2.49486625e-001
    -3.43023799e-004 -1.29827097e-001 9.59682167e-001 2.49308869e-001
    -4.71063554e-002 -1.22233428e-001 9.59137917e-001 2.50787646e-001
    -4.71063554e-002 -1.22233428e-001 9.59137917e-001 2.50787646e-001
    4.83096316e-002 -1.13964468e-001 9.60778058e-001 2.48160824e-001
    3.53046544e-002 -1.12448998e-001 9.61400747e-001 2.48631179e-001
    -1.52358050e-002 -1.11125454e-001 9.61626768e-001 2.50385731e-001
    2.21080557e-002 -1.11590371e-001 9.61697042e-001 2.49394611e-001
    2.21080557e-002 -1.11590371e-001 9.61697042e-001 2.49394611e-001
    1.02411332e-002 -1.10928632e-001 9.61921811e-001 2.49592379e-001
    8.30222443e-002 -1.11589484e-001 9.59257543e-001 2.45926961e-001
    6.96619377e-002 -1.10152043e-001 9.60229278e-001 2.46928170e-001
    6.96619377e-002 -1.10152043e-001 9.60229278e-001 2.46928170e-001
    6.09988496e-002 -1.07668981e-001 9.61101532e-001 2.46921852e-001
    -1.74689606e-001 -1.05106212e-001 9.50590611e-001 2.34123379e-001
    -1.15435654e-002 -1.05532192e-001 9.62291479e-001 2.50449210e-001
    -1.15435654e-002 -1.05532192e-001 9.62291479e-001 2.50449210e-001
    -1.93046346e-001 -9.46872905e-002 9.48556364e-001 2.32396767e-001
    1.23345191e-002 -8.11835080e-002 9.64623570e-001 2.50516444e-001
    2.45865121e-001 -6.37248084e-002 9.34752643e-001 2.48449162e-001
    1.56464309e-001 -6.00453652e-002 9.55230951e-001 2.43818104e-001
    2.42897511e-001 -3.16216014e-002 9.36905563e-001 2.49417067e-001
    2.42897511e-001 -3.16216014e-002 9.36905563e-001 2.49417067e-001
    2.11764619e-001 -2.30174046e-002 9.45055485e-001 2.47984082e-001
    9.23202261e-002 2.32506171e-003 9.64685380e-001 2.46685296e-001
    -6.11435771e-002 1.51435565e-002 9.66080189e-001 2.50441909e-001
    -7.51681440e-003 4.78078797e-002 9.67748880e-001 2.47224659e-001
    -3.23638111e-001 1.01542726e-001 9.01146710e-001 2.69966781e-001
    -2.19054028e-001 1.20178491e-001 9.25472617e-001 2.84732938e-001
    -2.36987963e-001 1.22161821e-001 9.20812845e-001 2.84634620e-001
    -2.82522708e-001 1.34308189e-001 9.04914737e-001 2.88568079e-001
    -3.27407002e-001 1.60738379e-001 8.82636726e-001 2.96513438e-001
    -3.81511271e-001 1.85947016e-001 8.54532361e-001 2.99411535e-001
    -3.61544311e-001 2.12180331e-001 8.52530539e-001 3.12180847e-001
    -3.80721688e-001 2.26054251e-001 8.39853466e-001 3.14000964e-001
    -1.62022531e-001 -1.33802339e-001 9.50984895e-001 2.26877362e-001
    3.98347154e-002 -1.23756841e-001 9.60080922e-001 2.47673258e-001
    -2.02176258e-001 -1.17964640e-001 9.44091439e-001 2.32164681e-001
    2.65567631e-001 -1.00086406e-001 9.29075301e-001 2.37224832e-001
    3.54948230e-002 -9.37363058e-002 9.63265300e-001 2.49145657e-001
    1.85426138e-002 -9.24212933e-002 9.63713050e-001 2.49743029e-001
    2.70069335e-002 -8.31040740e-002 9.64336395e-001 2.49839231e-001
    1.79693639e-001 -5.14549986e-002 9.51229513e-001 2.45407805e-001
    2.14555636e-001 -4.11266685e-002 9.43788171e-001 2.48069227e-001
    2.38462225e-001 -3.99604477e-002 9.38090980e-001 2.48040870e-001
    2.29353100e-001 -3.57692279e-002 9.40411568e-001 2.48483077e-001
    2.40713745e-001 -2.19965656e-003 9.38179612e-001 2.48739004e-001
    -1.48866209e-004 3.45122181e-002 9.68060136e-001 2.48331293e-001
    1.61179081e-001 5.49210906e-002 9.55170333e-001 2.42187098e-001
    -2.34417960e-001 8.89758840e-002 9.29776430e-001 2.69531548e-001
    1.35380343e-001 9.55820605e-002 9.57504272e-001 2.36054614e-001
    -3.23390752e-001 1.01490982e-001 9.01335418e-001 2.69652486e-001
    -8.21769610e-002 1.13238312e-001 9.59896982e-001 2.42944121e-001
    -3.45545620e-001 1.39741093e-001 8.82935226e-001 2.85475016e-001
    -3.65957022e-001 1.84524670e-001 8.60913575e-001 3.01419884e-001
    -4.03972000e-001 2.19637007e-001 8.31676900e-001 3.11255157e-001
    -3.33535043e-003 -1.44698679e-001 9.57816303e-001 2.48272151e-001
    3.51441372e-003 -1.28645018e-001 9.59803224e-001 2.49431074e-001
    -2.12315649e-001 -1.16220303e-001 9.41627562e-001 2.33992413e-001
    3.55594233e-002 -9.15887877e-002 9.63159621e-001 2.50340879e-001
    1.74323305e-001 -6.99403584e-002 9.51102734e-001 2.45200485e-001
    2.52910942e-001 -3.83610688e-002 9.34384227e-001 2.47972980e-001
    1.71021074e-001 -3.70103009e-002 9.53593314e-001 2.45034382e-001
    -1.09824233e-001 -2.72594150e-002 9.61830616e-001 2.49153376e-001
    1.85654476e-001 -2.58596912e-002 9.51555014e-001 2.43734881e-001
    -1.94129795e-002 1.22900074e-002 9.68076468e-001 2.49599755e-001
    -1.88845590e-001 1.59392189e-002 9.54525828e-001 2.30138421e-001
    -1.86360776e-001 4.95895818e-002 9.48235810e-001 2.52308220e-001
    -3.30912955e-002 5.08028865e-002 9.66918886e-001 2.47773796e-001
    6.74877241e-002 5.18423431e-002 9.66000795e-001 2.44131714e-001
    -1.69815958e-001 6.03829697e-002 9.49768841e-001 2.55842954e-001
    -1.82074904e-001 6.52842596e-002 9.46524382e-001 2.58221328e-001
    -2.66476661e-001 8.18623975e-002 9.22774076e-001 2.66039014e-001
    -1.84922755e-001 -1.21816188e-001 9.47368443e-001 2.31208578e-001
    2.70682033e-002 -1.23231024e-001 9.60436881e-001 2.48278916e-001
    6.42254651e-002 -9.95712876e-002 9.61543143e-001 2.47781053e-001
    1.78782627e-001 -8.22144151e-002 9.49579239e-001 2.44083598e-001
    2.03478843e-001 -7.69295543e-002 9.45149302e-001 2.43661612e-001
    3.53430733e-002 -7.36052692e-002 9.64631438e-001 2.50637800e-001
    -9.20679979e-003 -7.15119690e-002 9.65003729e-001 2.52128989e-001
    -9.20679979e-003 -7.15119690e-002 9.65003729e-001 2.52128989e-001
    4.04037442e-003 -7.23912865e-002 9.65156972e-001 2.51426339e-001
    4.04037442e-003 -7.23912865e-002 9.65156972e-001 2.51426339e-001
    1.83957238e-002 -7.26066530e-002 9.65088904e-001 2.50984669e-001
    -7.43579417e-002 -3.66518646e-002 9.64087546e-001 2.52314717e-001
    -4.48051952e-002 -2.78721051e-003 9.66962039e-001 2.50936449e-001
    -4.48051952e-002 -2.78721051e-003 9.66962039e-001 2.50936449e-001
    1.33857718e-002 3.94434668e-003 9.68355536e-001 2.49184206e-001
    -1.84813023e-001 3.43623571e-003 9.55389977e-001 2.30352566e-001
    9.24887955e-002 1.07841276e-001 9.60436583e-001 2.39536405e-001
    -3.20049912e-001 1.11894213e-001 8.99518073e-001 2.75526762e-001
    -2.34121084e-001 1.40541717e-001 9.16213453e-001 2.93237597e-001
    -3.53789628e-001 2.29329199e-001 8.48832011e-001 3.18943918e-001
    3.03116646e-002 -5.74320816e-002 9.66158092e-001 2.49642387e-001
    2.14971036e-001 -5.50152026e-002 9.42992032e-001 2.48045966e-001
    -2.07872406e-001 -2.28538737e-002 9.49566007e-001 2.33647406e-001
    -3.65616418e-002 1.35648735e-002 9.67408121e-001 2.50201344e-001
    -8.39759037e-002 1.98286790e-002 9.64425325e-001 2.49877408e-001
    -3.08202296e-001 2.52765059e-001 8.59306276e-001 3.20490092e-001
    -2.18837127e-001 -9.61730406e-002 9.42157626e-001 2.34946832e-001
    2.81157549e-002 1.43834762e-002 9.68189895e-001 2.48215467e-001
    -3.96638513e-002 6.72938377e-002 9.66022193e-001 2.46372476e-001
    -3.10461760e-001 9.54899490e-002 9.07224238e-001 2.67281324e-001
    -3.25534880e-001 1.29920304e-001 8.91323090e-001 2.87560254e-001
    -3.25534880e-001 1.29920304e-001 8.91323090e-001 2.87560254e-001
    -3.88535678e-001 2.72257030e-001 8.27634275e-001 2.99896002e-001
    -2.03362573e-002 -1.47258922e-001 9.57227647e-001 2.48226613e-001
    1.22170493e-001 -8.86759460e-002 9.58566666e-001 2.41579875e-001
    1.20322041e-001 -1.11640412e-002 9.62525487e-001 2.42781207e-001
    1.20322041e-001 -1.11640412e-002 9.62525487e-001 2.42781207e-001
    -5.79607300e-002 -8.36428255e-002 9.62444067e-001 2.51685947e-001
    7.43289739e-002 -4.94560488e-002 9.64910209e-001 2.46936321e-001
    -5.07048480e-002 -4.38804589e-002 9.63839710e-001 2.57908076e-001
    1.98415499e-002 4.83220741e-002 9.67384160e-001 2.47869164e-001
    -1.34300202e-001 8.30980688e-002 9.54261065e-001 2.53858268e-001